"region","name","alpha_D","alpha_H","beta17","beta18","beta19","beta20","beta21","beta22","beta23","beta24","eps","m_CHR","m_CHW","mu_D","mu_D_2","mu_gamma_H","mu_gamma_H_2","mu_gamma_H_3","p_G_D","p_G_D_CHR","p_H","p_H_2","p_H_3","p_H_D","p_ICU","p_ICU_2","p_ICU_D","p_NC","p_NC_weekend","p_W_D","rho_pillar2_tests","strain_seed_date","strain_transmission_2"
"east_of_england","alpha_D",0.0193941132195423,-3.67766571951662e-05,5.27306894169223e-05,7.31041845081029e-05,-8.21288589705953e-05,0.000128306446449035,-0.000112895559658392,0.000145214613624802,8.81925722515418e-05,0.000173570401329577,-0.000365537873164423,-1.01815006714615e-07,-3.85123212688766e-08,-0.00158813789485516,0.00210350729169327,-0.000538754750450705,-0.00122963700493934,0.000187743765534154,-0.00021132371031009,-0.00396856614538174,0.00211558483045111,-0.0033799899348597,-0.000276713032213374,0.000802280288768784,0.000162599649813623,0.000427691410199278,0.00114969838090925,1.50861482822503e-05,-7.51002891078568e-06,-0.00284566529946553,5.22303997836309e-05,0.0137403931978792,-0.00134936347184057
"east_of_england","alpha_H",-3.67766571951662e-05,1.63085697500378e-06,2.65207569714981e-07,-1.23491224212262e-06,5.12076014423575e-07,-5.08839080298022e-08,9.63468640306328e-07,-1.326529074382e-06,8.42552143540038e-07,2.08415608947334e-07,2.06466441901533e-05,5.8093893392798e-10,-2.09119956741937e-10,6.26068616263655e-07,-2.27745675834464e-05,-3.65850689217487e-06,8.58023034154229e-06,-7.75197659240284e-06,-1.4301848933242e-06,2.12532889778977e-05,-1.26794178877286e-05,1.84439084266868e-05,-4.23546145373397e-06,2.37116799809703e-06,3.51188946276373e-06,-1.33817145428603e-06,-2.77727250415264e-05,2.72377513366102e-08,5.33995039837703e-08,-7.12249489018028e-07,-5.34215854315413e-07,-7.81085354663565e-05,-4.63640894129321e-06
"east_of_england","beta17",5.27306894169223e-05,2.65207569714981e-07,2.31512815089346e-06,-2.84258657584735e-06,2.4508236677001e-06,-4.71932990167973e-07,9.36426545497342e-08,-9.59594195139749e-07,2.59832451827779e-06,7.38760478833141e-07,-3.0419116321515e-06,2.30240461297593e-10,-1.00110163333457e-10,-6.85044950293126e-06,-1.19159659383543e-05,-5.41007126537684e-05,-5.18783870024413e-06,7.33014271103068e-06,-3.83797724965415e-06,-1.40464009411385e-05,2.50591758793257e-06,-8.56525291511935e-06,-3.50159553009635e-05,2.6240150990999e-05,9.34364479328075e-06,-2.62015311710269e-07,-2.92975073829442e-05,1.65887720121737e-07,7.91217510403085e-08,3.57910976855332e-05,-2.08654016350468e-07,0.00105320492581323,-2.6797701680813e-06
"east_of_england","beta18",7.31041845081029e-05,-1.23491224212262e-06,-2.84258657584735e-06,1.12102603126121e-05,-7.89840177277478e-06,2.70958012425538e-06,-3.58223034912209e-07,1.17179515937486e-06,-1.31064945077262e-06,2.99467637570597e-07,4.18069831771472e-05,-2.0567996968062e-09,7.31197011426951e-10,-3.33658580409648e-05,3.19526347360999e-05,0.000100118919300359,1.26754766493164e-05,-1.69248119945992e-05,1.25305805769253e-05,3.03006305231337e-06,7.33736682416454e-06,-6.43203055614729e-06,7.01604360671427e-05,-2.60785255779916e-05,-1.91630208288733e-05,6.9373803222135e-07,8.13949283630069e-05,-1.33051324278341e-07,-6.27809046641396e-08,-9.25089919902734e-05,1.27455643600374e-06,-0.00362308826888948,-1.50103933943796e-05
"east_of_england","beta19",-8.21288589705953e-05,5.12076014423575e-07,2.4508236677001e-06,-7.89840177277478e-06,1.01865713679502e-05,-4.99784841744537e-06,-1.28895831860866e-06,-3.34877376807544e-07,4.10839359387085e-07,-3.85015788340523e-06,0.000140550165744679,1.57784981193963e-09,-3.97436913191949e-10,2.92914208453325e-05,-4.19555000364756e-05,-0.000136001523433596,4.65610088025847e-06,1.84621968101826e-05,-1.36118946721316e-05,-9.71965843747796e-06,3.03947891609151e-05,8.24238760468189e-06,-7.5173153374445e-05,1.47574448172871e-05,1.41162649824136e-05,1.58419521028378e-06,-9.68625868072569e-05,1.45445143581972e-07,-3.34053267122985e-08,0.000112860619494125,-4.09026711879714e-07,0.00490525670644941,6.62525157123872e-05
"east_of_england","beta20",0.000128306446449035,-5.08839080298022e-08,-4.71932990167973e-07,2.70958012425538e-06,-4.99784841744537e-06,6.18951058951945e-06,1.79141500505372e-07,2.54412503126982e-06,7.92192129049534e-07,5.02202351708015e-06,-3.27178771629016e-05,-5.73327523758179e-10,-5.78461647641587e-10,-1.83586885910892e-05,3.57983712647812e-05,8.35749697828968e-05,-1.9142011686981e-05,-1.19877662302394e-08,4.98309080121918e-07,-1.42130144995239e-05,-2.34317636304954e-05,-2.69320296433354e-05,2.86044891550843e-05,-1.32626456224891e-06,-2.14928325582489e-05,-2.55954885520332e-06,-2.05085745940959e-05,-1.17523078163079e-07,-8.04412520084016e-08,-3.65713152448957e-05,1.30481521778363e-07,-0.00203471809796764,-8.80788988444806e-05
"east_of_england","beta21",-0.000112895559658392,9.63468640306328e-07,9.36426545497342e-08,-3.58223034912209e-07,-1.28895831860866e-06,1.79141500505372e-07,1.34416547784475e-05,-2.33475671999009e-06,1.6621426269694e-08,7.17005694242948e-06,-4.4400385809126e-06,1.4681870937588e-09,-6.89578364740964e-10,-2.12015530677364e-06,-0.000102187855795862,4.06751936265521e-06,4.25650656556947e-05,-1.80307035115847e-05,5.23561612709842e-06,8.0425552576405e-05,-5.17055626277982e-05,1.45685283753602e-05,2.00954773942198e-05,-1.33261950555055e-05,2.23526019169134e-05,-1.29336548772527e-05,-6.33236431505509e-05,-2.3960908868524e-07,1.97194003993595e-07,-3.37479392276603e-05,-2.60953986851806e-06,-0.00363337298107019,-0.000184305815189596
"east_of_england","beta22",0.000145214613624802,-1.326529074382e-06,-9.59594195139749e-07,1.17179515937486e-06,-3.34877376807544e-07,2.54412503126982e-06,-2.33475671999009e-06,1.99430469859638e-05,-8.14082645852647e-06,2.57031852969586e-06,4.79864204906238e-05,-1.05122266425883e-09,3.20403907662578e-10,3.379948074529e-05,5.7269959754537e-05,2.20039380339452e-05,-4.80264165123488e-06,-1.59112260359885e-06,-7.89314074712689e-06,-6.1572874448952e-05,1.38683005166744e-06,6.42414418840145e-06,-7.20630621397745e-06,-4.78050772162528e-05,5.80135832724825e-07,3.56745782591015e-06,-5.98934392728384e-05,-1.88320787003205e-08,-2.52964586170366e-07,8.12967424439861e-05,2.01951840731237e-07,0.00117833666182508,-3.25782932870975e-05
"east_of_england","beta23",8.81925722515418e-05,8.42552143540038e-07,2.59832451827779e-06,-1.31064945077262e-06,4.10839359387085e-07,7.92192129049534e-07,1.6621426269694e-08,-8.14082645852647e-06,2.2961387564659e-05,-3.52144369830409e-06,-5.52194453750534e-05,4.17805070872781e-10,-1.91896798762922e-09,-5.62171755527557e-05,-5.51057277713532e-06,-2.17313312789316e-05,-3.00094775593609e-05,1.95634834703214e-05,5.94993575801301e-06,3.88216434205772e-05,2.61848885938162e-05,-2.21602337280991e-06,2.04954693855589e-05,7.55253212291171e-05,-1.37517626790623e-05,5.2412962957917e-06,7.52976354698678e-05,-7.49532111302126e-08,2.32287005900083e-08,9.76027929127531e-06,1.15098652217651e-06,-0.00254706025245912,-6.0129134777665e-05
"east_of_england","beta24",0.000173570401329577,2.08415608947334e-07,7.38760478833141e-07,2.99467637570597e-07,-3.85015788340523e-06,5.02202351708015e-06,7.17005694242948e-06,2.57031852969586e-06,-3.52144369830409e-06,2.49712628227334e-05,-6.36119332727657e-05,3.00403889285534e-10,-3.56672706720703e-10,-6.73220966158164e-06,-8.22492265370087e-06,1.45861965118771e-05,-1.76739064242597e-05,4.60937436229881e-06,4.00802803069131e-06,-4.49588182092314e-05,-5.43265064604581e-05,-4.03630075421419e-05,4.29085584636936e-05,-2.64665992670708e-05,-3.03387109843052e-05,-8.68583068356236e-06,-0.000145627366197819,-1.51304660858395e-07,1.52130791455786e-08,-9.32438116977396e-05,-1.90782188898692e-06,-0.00279771393643658,-0.000199391691698251
"east_of_england","eps",-0.000365537873164423,2.06466441901533e-05,-3.0419116321515e-06,4.18069831771472e-05,0.000140550165744679,-3.27178771629016e-05,-4.4400385809126e-06,4.79864204906238e-05,-5.52194453750534e-05,-6.36119332727657e-05,0.046477014492557,5.3952571525095e-08,-2.46238355832517e-08,-0.000402423190804523,-0.001620132723439,-0.00112918405471674,0.00221325159913347,-0.000689194105738829,-0.000802250962042379,0.000281771578824313,-0.000762355244954175,-7.67055386585655e-05,0.00149328513247052,-0.000535402581842611,0.000295172162498764,-0.000157006570959192,-0.00682164965548654,-9.06683299205591e-06,-5.22416112149416e-06,0.00711977813519771,-5.3673412767155e-05,0.0423717346814844,0.000644217559109521
"east_of_england","m_CHR",-1.01815006714615e-07,5.8093893392798e-10,2.30240461297593e-10,-2.0567996968062e-09,1.57784981193963e-09,-5.73327523758179e-10,1.4681870937588e-09,-1.05122266425883e-09,4.17805070872781e-10,3.00403889285534e-10,5.3952571525095e-08,2.60646197243877e-12,-1.20153334423145e-12,5.78283770380862e-09,-6.80221707518557e-09,-4.10349098230781e-09,-1.70219342707236e-09,-7.0182454841381e-09,-2.49041640237718e-09,4.23260278761484e-09,-7.20863105711369e-09,1.84984968517481e-08,7.34457461041318e-09,-4.09753032163914e-09,-9.55116062900242e-09,-3.75790209184069e-09,-3.88229418448555e-08,-9.54076189805765e-11,8.03116259248491e-11,-3.72370614933459e-09,-7.4567470023378e-10,2.34753354808632e-07,-1.24428813409689e-08
"east_of_england","m_CHW",-3.85123212688766e-08,-2.09119956741937e-10,-1.00110163333457e-10,7.31197011426951e-10,-3.97436913191949e-10,-5.78461647641587e-10,-6.89578364740964e-10,3.20403907662578e-10,-1.91896798762922e-09,-3.56672706720703e-10,-2.46238355832517e-08,-1.20153334423145e-12,3.18206654222337e-12,1.11640299191757e-08,-2.58527762178682e-08,-2.66870456612795e-09,8.95582413013927e-09,1.09696562897223e-08,6.55136656799007e-09,2.83604744755059e-08,-2.02664647883183e-08,2.28533097583501e-08,1.77671402644981e-08,1.14846408881769e-08,1.5187175776398e-08,-1.8368859832715e-09,-3.29473142259386e-08,5.56780045982443e-11,1.77401740413615e-11,3.40828633089153e-08,2.62068047972355e-10,-8.03627802257031e-07,2.19613565461878e-08
"east_of_england","mu_D",-0.00158813789485516,6.26068616263655e-07,-6.85044950293126e-06,-3.33658580409648e-05,2.92914208453325e-05,-1.83586885910892e-05,-2.12015530677364e-06,3.379948074529e-05,-5.62171755527557e-05,-6.73220966158164e-06,-0.000402423190804523,5.78283770380862e-09,1.11640299191757e-08,0.00116250435812708,0.000377030943824293,0.000188889249667975,-0.000152299756550929,6.01771224063119e-05,5.36213368964386e-05,0.000240942308716127,-0.000163249384333856,0.000617473249817659,-0.000262812901223465,-0.000650791144397301,0.000163686689239372,8.71897068430469e-06,-0.00094510961121721,-3.07199908300004e-06,4.64797807178969e-07,0.00112449794355501,-6.63099549408364e-06,0.0227742628518303,0.000170250873448103
"east_of_england","mu_D_2",0.00210350729169327,-2.27745675834464e-05,-1.19159659383543e-05,3.19526347360999e-05,-4.19555000364756e-05,3.57983712647812e-05,-0.000102187855795862,5.7269959754537e-05,-5.51057277713532e-06,-8.22492265370087e-06,-0.001620132723439,-6.80221707518557e-09,-2.58527762178682e-08,0.000377030943824293,0.00524768372928196,0.00340624452242678,-0.00097403638746372,-0.000100132037249785,7.19392580980347e-05,-0.00130320507109664,0.000618906443183684,-0.000598961019674468,0.000655943390389959,-0.0010547617443975,-0.000560669034710192,0.000260417088691038,0.00243779783168878,-5.86689321977734e-06,9.21630582537792e-08,0.00351866185657895,3.28945573770511e-05,0.0353954676476657,0.000620301581192623
"east_of_england","mu_gamma_H",-0.000538754750450705,-3.65850689217487e-06,-5.41007126537684e-05,0.000100118919300359,-0.000136001523433596,8.35749697828968e-05,4.06751936265521e-06,2.20039380339452e-05,-2.17313312789316e-05,1.45861965118771e-05,-0.00112918405471674,-4.10349098230781e-09,-2.66870456612795e-09,0.000188889249667975,0.00340624452242678,0.00551451537108534,-0.000275847479488706,-0.000291540783374331,0.000215425293491902,0.00101577208487309,-0.000344583198093957,-0.000368851361605033,0.00188616751473521,-0.00117821755982151,-0.000505517781438579,3.53780773367398e-05,0.00183930517860242,-1.06306689037657e-05,7.56187712336236e-07,0.00118085438342696,1.24978834164598e-05,-0.0491394475938442,-0.00086707184042939
"east_of_england","mu_gamma_H_2",-0.00122963700493934,8.58023034154229e-06,-5.18783870024413e-06,1.26754766493164e-05,4.65610088025847e-06,-1.9142011686981e-05,4.25650656556947e-05,-4.80264165123488e-06,-3.00094775593609e-05,-1.76739064242597e-05,0.00221325159913347,-1.70219342707236e-09,8.95582413013927e-09,-0.000152299756550929,-0.00097403638746372,-0.000275847479488706,0.0012099006707834,-0.000320256918715584,7.01543822041002e-05,0.000339764327657921,-0.00062102612468359,0.0006430310093779,-0.000342259638026697,-0.000348050356865144,0.000450843025196217,-5.91116643304863e-05,0.000189030342021835,3.21929323942573e-06,1.5634909675855e-06,0.000470153392940919,-1.86296812569793e-05,-0.00988565611941943,1.9991168066008e-05
"east_of_england","mu_gamma_H_3",0.000187743765534154,-7.75197659240284e-06,7.33014271103068e-06,-1.69248119945992e-05,1.84621968101826e-05,-1.19877662302394e-08,-1.80307035115847e-05,-1.59112260359885e-06,1.95634834703214e-05,4.60937436229881e-06,-0.000689194105738829,-7.0182454841381e-09,1.09696562897223e-08,6.01771224063119e-05,-0.000100132037249785,-0.000291540783374331,-0.000320256918715584,0.000767272564417855,3.17929331733543e-05,-4.34514999123801e-06,0.000220957076666194,-0.000317021943252507,-6.81539266557671e-05,0.000263066653867448,-0.000148346507687356,-9.3681260289585e-06,-0.000365897097637932,-2.64494857097688e-07,-1.38717960471562e-06,-0.000391658107186926,9.37147915316444e-06,0.00120689502003317,-4.12484555026457e-05
"east_of_england","p_G_D",-0.00021132371031009,-1.4301848933242e-06,-3.83797724965415e-06,1.25305805769253e-05,-1.36118946721316e-05,4.98309080121918e-07,5.23561612709842e-06,-7.89314074712689e-06,5.94993575801301e-06,4.00802803069131e-06,-0.000802250962042379,-2.49041640237718e-09,6.55136656799007e-09,5.36213368964386e-05,7.19392580980347e-05,0.000215425293491902,7.01543822041002e-05,3.17929331733543e-05,0.00012615455371363,8.44193772378421e-05,-7.84203551412109e-05,0.00017919239728248,0.000108864193741474,-9.11251136594996e-05,1.51862243388452e-05,-2.10156277694332e-07,0.00026498049860915,2.20435347852465e-07,7.19213312920413e-07,-0.000213141441910845,1.16314629923684e-06,-0.0108165623857292,-7.04573028479147e-05
"east_of_england","p_G_D_CHR",-0.00396856614538174,2.12532889778977e-05,-1.40464009411385e-05,3.03006305231337e-06,-9.71965843747796e-06,-1.42130144995239e-05,8.0425552576405e-05,-6.1572874448952e-05,3.88216434205772e-05,-4.49588182092314e-05,0.000281771578824313,4.23260278761484e-09,2.83604744755059e-08,0.000240942308716127,-0.00130320507109664,0.00101577208487309,0.000339764327657921,-4.34514999123801e-06,8.44193772378421e-05,0.00347266316349632,-0.000393038386856495,0.000882722823128598,0.000711821986932282,0.000295148982766934,0.000560527678583522,-0.000173749870397229,-0.000367995256417348,-7.86351141555262e-06,3.1326862585487e-06,0.00133211775414802,-1.04168171438415e-05,-0.0355738463859903,-0.000670021735642862
"east_of_england","p_H",0.00211558483045111,-1.26794178877286e-05,2.50591758793257e-06,7.33736682416454e-06,3.03947891609151e-05,-2.34317636304954e-05,-5.17055626277982e-05,1.38683005166744e-06,2.61848885938162e-05,-5.43265064604581e-05,-0.000762355244954175,-7.20863105711369e-09,-2.02664647883183e-08,-0.000163249384333856,0.000618906443183684,-0.000344583198093957,-0.00062102612468359,0.000220957076666194,-7.84203551412109e-05,-0.000393038386856495,0.00166758486199743,-0.000767524112286381,-0.000255574710136285,0.000186120532720385,-0.0001447857129355,0.000113071996970226,0.000897399333148894,1.11328338499169e-06,-1.62348422562974e-06,-0.00126359414419899,3.24106368436791e-05,0.0286347364759044,0.000787511471672998
"east_of_england","p_H_2",-0.0033799899348597,1.84439084266868e-05,-8.56525291511935e-06,-6.43203055614729e-06,8.24238760468189e-06,-2.69320296433354e-05,1.45685283753602e-05,6.42414418840145e-06,-2.21602337280991e-06,-4.03630075421419e-05,-7.67055386585655e-05,1.84984968517481e-08,2.28533097583501e-08,0.000617473249817659,-0.000598961019674468,-0.000368851361605033,0.0006430310093779,-0.000317021943252507,0.00017919239728248,0.000882722823128598,-0.000767524112286381,0.00233647641628263,-0.00027116359149464,-0.000290166260001333,0.000536413442081609,-4.26909184684005e-05,-0.000426133475122431,-6.67404224892929e-07,1.79311720265259e-06,0.00227414956182214,-1.73721476170134e-05,-0.00789735015335481,0.000306645369878637
"east_of_england","p_H_3",-0.000276713032213374,-4.23546145373397e-06,-3.50159553009635e-05,7.01604360671427e-05,-7.5173153374445e-05,2.86044891550843e-05,2.00954773942198e-05,-7.20630621397745e-06,2.04954693855589e-05,4.29085584636936e-05,0.00149328513247052,7.34457461041318e-09,1.77671402644981e-08,-0.000262812901223465,0.000655943390389959,0.00188616751473521,-0.000342259638026697,-6.81539266557671e-05,0.000108864193741474,0.000711821986932282,-0.000255574710136285,-0.00027116359149464,0.00258432332233554,-3.16986841707086e-05,-0.000455284204481736,-2.39894962900017e-05,-0.000502224684578989,-7.16304821746955e-06,3.3587999011446e-07,-0.000615154932016306,6.37650419670831e-06,-0.0571186151955125,-0.000800485616356862
"east_of_england","p_H_D",0.000802280288768784,2.37116799809703e-06,2.6240150990999e-05,-2.60785255779916e-05,1.47574448172871e-05,-1.32626456224891e-06,-1.33261950555055e-05,-4.78050772162528e-05,7.55253212291171e-05,-2.64665992670708e-05,-0.000535402581842611,-4.09753032163914e-09,1.14846408881769e-08,-0.000650791144397301,-0.0010547617443975,-0.00117821755982151,-0.000348050356865144,0.000263066653867448,-9.11251136594996e-05,0.000295148982766934,0.000186120532720385,-0.000290166260001333,-3.16986841707086e-05,0.00134477304835997,0.000135886204337758,-2.40432429706539e-05,-0.000215493373748885,2.95153493969216e-06,-5.0518889948023e-07,-0.000467078868457335,7.98924940015238e-06,-0.00816622462345183,0.000183267688481312
"east_of_england","p_ICU",0.000162599649813623,3.51188946276373e-06,9.34364479328075e-06,-1.91630208288733e-05,1.41162649824136e-05,-2.14928325582489e-05,2.23526019169134e-05,5.80135832724825e-07,-1.37517626790623e-05,-3.03387109843052e-05,0.000295172162498764,-9.55116062900242e-09,1.5187175776398e-08,0.000163686689239372,-0.000560669034710192,-0.000505517781438579,0.000450843025196217,-0.000148346507687356,1.51862243388452e-05,0.000560527678583522,-0.0001447857129355,0.000536413442081609,-0.000455284204481736,0.000135886204337758,0.000783498612461197,-1.92747877059588e-06,0.000508188824355922,2.16486196850824e-06,1.56332645814165e-06,0.00124354168211259,-8.81726314528337e-06,0.00488772487384241,0.000119181738339786
"east_of_england","p_ICU_2",0.000427691410199278,-1.33817145428603e-06,-2.62015311710269e-07,6.9373803222135e-07,1.58419521028378e-06,-2.55954885520332e-06,-1.29336548772527e-05,3.56745782591015e-06,5.2412962957917e-06,-8.68583068356236e-06,-0.000157006570959192,-3.75790209184069e-09,-1.8368859832715e-09,8.71897068430469e-06,0.000260417088691038,3.53780773367398e-05,-5.91116643304863e-05,-9.3681260289585e-06,-2.10156277694332e-07,-0.000173749870397229,0.000113071996970226,-4.26909184684005e-05,-2.39894962900017e-05,-2.40432429706539e-05,-1.92747877059588e-06,4.1967057458169e-05,0.000224154558627561,3.48601843583977e-07,-2.65649856095789e-07,0.000131116510796115,3.07394384985929e-06,0.00513881413808217,0.000172676009043211
"east_of_england","p_ICU_D",0.00114969838090925,-2.77727250415264e-05,-2.92975073829442e-05,8.13949283630069e-05,-9.68625868072569e-05,-2.05085745940959e-05,-6.33236431505509e-05,-5.98934392728384e-05,7.52976354698678e-05,-0.000145627366197819,-0.00682164965548654,-3.88229418448555e-08,-3.29473142259386e-08,-0.00094510961121721,0.00243779783168878,0.00183930517860242,0.000189030342021835,-0.000365897097637932,0.00026498049860915,-0.000367995256417348,0.000897399333148894,-0.000426133475122431,-0.000502224684578989,-0.000215493373748885,0.000508188824355922,0.000224154558627561,0.014567755266691,1.3962957968257e-06,6.91568130854379e-07,0.000395774021285714,3.29070449356608e-05,-0.00444591678962808,0.00157616862094486
"east_of_england","p_NC",1.50861482822503e-05,2.72377513366102e-08,1.65887720121737e-07,-1.33051324278341e-07,1.45445143581972e-07,-1.17523078163079e-07,-2.3960908868524e-07,-1.88320787003205e-08,-7.49532111302126e-08,-1.51304660858395e-07,-9.06683299205591e-06,-9.54076189805765e-11,5.56780045982443e-11,-3.07199908300004e-06,-5.86689321977734e-06,-1.06306689037657e-05,3.21929323942573e-06,-2.64494857097688e-07,2.20435347852465e-07,-7.86351141555262e-06,1.11328338499169e-06,-6.67404224892929e-07,-7.16304821746955e-06,2.95153493969216e-06,2.16486196850824e-06,3.48601843583977e-07,1.3962957968257e-06,8.48250692750093e-08,3.01644004125e-09,-1.2480205494661e-05,4.25681809965318e-08,8.90780495447067e-05,6.25822320555147e-06
"east_of_england","p_NC_weekend",-7.51002891078568e-06,5.33995039837703e-08,7.91217510403085e-08,-6.27809046641396e-08,-3.34053267122985e-08,-8.04412520084016e-08,1.97194003993595e-07,-2.52964586170366e-07,2.32287005900083e-08,1.52130791455786e-08,-5.22416112149416e-06,8.03116259248491e-11,1.77401740413615e-11,4.64797807178969e-07,9.21630582537792e-08,7.56187712336236e-07,1.5634909675855e-06,-1.38717960471562e-06,7.19213312920413e-07,3.1326862585487e-06,-1.62348422562974e-06,1.79311720265259e-06,3.3587999011446e-07,-5.0518889948023e-07,1.56332645814165e-06,-2.65649856095789e-07,6.91568130854379e-07,3.01644004125e-09,4.24397569619412e-08,7.36308898572956e-07,-6.30790355697549e-08,2.81737359653323e-05,4.61416918654923e-07
"east_of_england","p_W_D",-0.00284566529946553,-7.12249489018028e-07,3.57910976855332e-05,-9.25089919902734e-05,0.000112860619494125,-3.65713152448957e-05,-3.37479392276603e-05,8.12967424439861e-05,9.76027929127531e-06,-9.32438116977396e-05,0.00711977813519771,-3.72370614933459e-09,3.40828633089153e-08,0.00112449794355501,0.00351866185657895,0.00118085438342696,0.000470153392940919,-0.000391658107186926,-0.000213141441910845,0.00133211775414802,-0.00126359414419899,0.00227414956182214,-0.000615154932016306,-0.000467078868457335,0.00124354168211259,0.000131116510796115,0.000395774021285714,-1.2480205494661e-05,7.36308898572956e-07,0.0148822713935152,-2.31708450526852e-05,0.0904536330242853,0.00057943684820372
"east_of_england","rho_pillar2_tests",5.22303997836309e-05,-5.34215854315413e-07,-2.08654016350468e-07,1.27455643600374e-06,-4.09026711879714e-07,1.30481521778363e-07,-2.60953986851806e-06,2.01951840731237e-07,1.15098652217651e-06,-1.90782188898692e-06,-5.3673412767155e-05,-7.4567470023378e-10,2.62068047972355e-10,-6.63099549408364e-06,3.28945573770511e-05,1.24978834164598e-05,-1.86296812569793e-05,9.37147915316444e-06,1.16314629923684e-06,-1.04168171438415e-05,3.24106368436791e-05,-1.73721476170134e-05,6.37650419670831e-06,7.98924940015238e-06,-8.81726314528337e-06,3.07394384985929e-06,3.29070449356608e-05,4.25681809965318e-08,-6.30790355697549e-08,-2.31708450526852e-05,1.35879272170218e-06,0.000194541067627278,2.78461255057162e-05
"east_of_england","strain_seed_date",0.0137403931978792,-7.81085354663565e-05,0.00105320492581323,-0.00362308826888948,0.00490525670644941,-0.00203471809796764,-0.00363337298107019,0.00117833666182508,-0.00254706025245912,-0.00279771393643658,0.0423717346814844,2.34753354808632e-07,-8.03627802257031e-07,0.0227742628518303,0.0353954676476657,-0.0491394475938442,-0.00988565611941943,0.00120689502003317,-0.0108165623857292,-0.0355738463859903,0.0286347364759044,-0.00789735015335481,-0.0571186151955125,-0.00816622462345183,0.00488772487384241,0.00513881413808217,-0.00444591678962808,8.90780495447067e-05,2.81737359653323e-05,0.0904536330242853,0.000194541067627278,5.54177775116368,0.0820136457408429
"east_of_england","strain_transmission_2",-0.00134936347184057,-4.63640894129321e-06,-2.6797701680813e-06,-1.50103933943796e-05,6.62525157123872e-05,-8.80788988444806e-05,-0.000184305815189596,-3.25782932870975e-05,-6.0129134777665e-05,-0.000199391691698251,0.000644217559109521,-1.24428813409689e-08,2.19613565461878e-08,0.000170250873448103,0.000620301581192623,-0.00086707184042939,1.9991168066008e-05,-4.12484555026457e-05,-7.04573028479147e-05,-0.000670021735642862,0.000787511471672998,0.000306645369878637,-0.000800485616356862,0.000183267688481312,0.000119181738339786,0.000172676009043211,0.00157616862094486,6.25822320555147e-06,4.61416918654923e-07,0.00057943684820372,2.78461255057162e-05,0.0820136457408429,0.00439559172798589
"midlands","alpha_D",0.0045866637724783,1.38306584557323e-05,-8.29992661357471e-06,3.05757170603101e-05,-9.18015028021272e-06,-3.83834385109046e-05,6.04588104230431e-06,2.08271280699969e-05,-3.91325793346536e-05,-9.79610725592482e-05,0.00145949218739711,1.94598497206292e-10,-8.41340044282204e-10,0.000266429319985095,0.00473293825760469,-0.00136207550342722,-0.000722339586840073,-4.64107684650657e-05,9.69176511091742e-05,0.000919489771095469,-0.000911636975955824,0.00170594459033095,0.000147749836145246,-9.00471047649996e-05,0.000272978804497758,0.000143185905048486,-0.000281935824993603,1.41607582059228e-06,-1.61886671237536e-06,0.00120396161186725,-3.83263621217583e-06,0.00251842860465497,0.000440938533679297
"midlands","alpha_H",1.38306584557323e-05,1.27038597380532e-06,6.5278943083348e-07,-1.58953692846337e-08,-6.09798978064827e-07,2.04458400679133e-07,-3.88709012035458e-07,3.0884164976123e-07,2.29649766408155e-07,-4.33018255554249e-07,-4.753809412267e-05,2.11441305396027e-10,-5.8947039531885e-11,-1.08662952103913e-05,7.50460675660722e-06,-2.59070676199187e-05,-7.08493231511024e-06,-2.00833540745176e-06,2.13853211529079e-06,4.12341366975147e-06,1.32485169797776e-07,8.15017350329365e-06,-2.51656700437796e-06,1.42843741504673e-05,-4.00367732112017e-06,1.50177629882825e-06,-2.5493105168264e-05,1.17883661412814e-07,6.44153280332667e-08,-1.22885697370372e-05,1.78384088744922e-07,-0.00021841574997669,6.04189796279318e-06
"midlands","beta17",-8.29992661357471e-06,6.5278943083348e-07,1.89589771880204e-06,-7.75591182646558e-07,-1.82968231753843e-06,1.68829513711716e-06,-6.67188758489897e-07,1.88016131078014e-06,-8.90794806389319e-07,1.88124087275279e-06,-1.77827070345369e-05,3.55796024876569e-10,-1.66497414146301e-11,-2.67359323358812e-05,-1.10350961211195e-06,-6.38522569216377e-05,-2.86060845928689e-05,5.8574959079582e-06,1.856870218616e-06,-7.45461441237899e-07,1.4334624923404e-05,8.69959945501053e-06,-3.00694350915416e-06,2.06190160233216e-05,-1.00425068251696e-05,2.68406479212821e-06,-4.12719963505935e-05,2.24905257455826e-07,5.18381397970554e-08,1.83080788755068e-05,8.92107202104301e-07,-0.000570077246140142,-1.17188036693079e-05
"midlands","beta18",3.05757170603101e-05,-1.58953692846337e-08,-7.75591182646558e-07,3.40822159775944e-06,-5.21624585120041e-07,-1.22537072893904e-06,-4.08019801972194e-07,-4.48077493367567e-07,-1.78043519562452e-06,-1.21215936230475e-06,2.16990268864363e-05,-3.85126065094759e-10,9.75218001041342e-11,1.60722565295456e-05,7.83360941080463e-06,3.17990223285865e-05,2.14673414509418e-05,-1.55940330121761e-05,-7.1899002138416e-07,1.19636809064007e-05,-8.73486506589957e-06,5.63027068806201e-06,-5.14824972412109e-06,1.70010883621879e-05,6.63267538437371e-06,-1.2952541163637e-06,-1.05754380105243e-05,9.61356953175773e-09,-2.04087488871576e-08,-8.89671460352255e-07,-2.00062695257934e-07,0.000591501389577665,2.90594360523257e-05
"midlands","beta19",-9.18015028021272e-06,-6.09798978064827e-07,-1.82968231753843e-06,-5.21624585120041e-07,6.69995958901587e-06,-3.73313502895868e-06,9.36533359589015e-07,-2.87976880940632e-06,3.5450559974502e-06,-5.1733638508546e-06,-0.000128340695892533,1.89909889688752e-10,-1.93117866957555e-10,-1.53230819639214e-05,-8.02328038350653e-06,3.40284772231475e-05,9.48706001016018e-06,-1.56290270556359e-05,-3.4788361203815e-06,3.34746532132418e-06,-1.61116215651577e-05,-8.22028585251752e-06,-3.86136016779889e-06,-3.94988229620669e-06,1.04732410502088e-05,-2.72067297345665e-06,3.17027112137111e-05,7.67881601323288e-08,3.17245289583307e-07,-8.44380092061894e-05,-1.47454433365653e-06,0.000706582780607187,1.81505597209837e-05
"midlands","beta20",-3.83834385109046e-05,2.04458400679133e-07,1.68829513711716e-06,-1.22537072893904e-06,-3.73313502895868e-06,4.65174729205698e-06,-1.27146032594593e-06,2.67620136204466e-06,1.14840017504324e-06,3.74947945315852e-06,0.000105296065340711,-1.27848463167134e-10,5.62723505223027e-11,4.79424557907834e-06,-3.56436594670197e-05,-2.17872220611814e-05,5.1062898698911e-06,9.85167287606992e-06,1.31596376810081e-06,-8.34476885999842e-06,1.90751836073407e-05,-2.46905424549359e-05,2.39734338154506e-06,-1.00615625187151e-05,-9.49171361271462e-06,2.34099586877241e-06,1.0867981363919e-05,-9.77376132802516e-08,-2.18929313301709e-07,6.55902595452125e-06,8.56846594307042e-07,-0.000889972604632794,-4.44233644152925e-05
"midlands","beta21",6.04588104230431e-06,-3.88709012035458e-07,-6.67188758489897e-07,-4.08019801972194e-07,9.36533359589015e-07,-1.27146032594593e-06,5.59985200701168e-06,-1.43717134646539e-06,-3.69236549927612e-06,5.09218018254211e-06,-6.39209999542623e-05,5.08773584314344e-10,4.43723103349247e-12,-2.4510487911498e-06,-1.83781875558792e-05,-2.81694604787125e-05,1.55266953363268e-05,1.90359598576495e-06,-4.23179630636953e-06,-1.30163594537044e-05,5.4176939193373e-06,-6.39517173034755e-05,9.22836580193103e-06,1.41249956668445e-06,-7.53588204222727e-06,-4.15759805879156e-06,-9.66484765913273e-05,-2.89516884546425e-07,6.14042248252716e-08,2.12777016518558e-05,1.97079642764027e-06,-0.000419051866869121,-4.49549033696332e-05
"midlands","beta22",2.08271280699969e-05,3.0884164976123e-07,1.88016131078014e-06,-4.48077493367567e-07,-2.87976880940632e-06,2.67620136204466e-06,-1.43717134646539e-06,2.13642870300707e-05,-1.42682155499267e-05,9.44964229658358e-06,0.000175630304821559,1.18206504981929e-09,1.20203662531703e-10,-3.72362606706309e-05,7.63115855638671e-05,-0.000100171595086678,5.27187731154986e-06,4.93886717100755e-06,-2.08013857252118e-07,-1.17691066565449e-05,3.3689469179097e-06,-6.84030472214368e-05,7.46324316183622e-06,3.0262347105857e-05,-2.89984274234094e-05,5.35674752440682e-06,-0.000144112534348746,4.11300360143848e-07,-1.19247862964947e-07,4.38120632830935e-06,2.7696166911255e-06,-0.00151511984897962,-6.49375687772964e-05
"midlands","beta23",-3.91325793346536e-05,2.29649766408155e-07,-8.90794806389319e-07,-1.78043519562452e-06,3.5450559974502e-06,1.14840017504324e-06,-3.69236549927612e-06,-1.42682155499267e-05,5.04158655372324e-05,-3.02018639709992e-05,-0.000168501726459187,-3.72644187539207e-09,-7.66764833964133e-10,8.37219806872278e-05,6.03698822702159e-05,0.000160806107172083,-3.4193936783925e-05,-5.49474303126284e-06,-4.1787527042386e-06,2.59591706498992e-05,-1.65597581338061e-05,0.000115429117659077,5.98893642191468e-06,-0.000117547954861963,4.15473135760482e-05,-6.11485399179284e-07,0.000222091591819675,-9.71989149787655e-07,-9.15556321235546e-08,-0.000263453185339235,-8.62143835321999e-06,0.000534018873659857,-9.43002435474564e-06
"midlands","beta24",-9.79610725592482e-05,-4.33018255554249e-07,1.88124087275279e-06,-1.21215936230475e-06,-5.1733638508546e-06,3.74947945315852e-06,5.09218018254211e-06,9.44964229658358e-06,-3.02018639709992e-05,4.95846180232917e-05,0.000252443911154599,2.8778111437993e-09,9.38023384691488e-10,-5.30255542838284e-05,-0.000183051197988572,-0.000217299122571504,9.0363870195273e-05,2.30837083159656e-05,-3.24648261951195e-06,-5.70665428059407e-05,7.37539749797355e-05,-0.0002575861382256,1.90072685783007e-05,4.18134485494576e-05,-4.75664814627829e-05,-4.92103972415559e-06,-0.000261286524523146,1.92420494138076e-07,-3.29660174980059e-07,0.000191052444886102,1.08512709642546e-05,-0.00261675583257042,-0.000113341138551551
"midlands","eps",0.00145949218739711,-4.753809412267e-05,-1.77827070345369e-05,2.16990268864363e-05,-0.000128340695892533,0.000105296065340711,-6.39209999542623e-05,0.000175630304821559,-0.000168501726459187,0.000252443911154599,0.0429465580147442,-3.59009742865331e-08,2.71804836603825e-09,0.00189317325618739,-0.00670352609449544,0.0030037803172866,0.000904640450637929,0.000583045417673166,9.45027540605424e-05,0.000733387179207906,0.000250549066253901,-0.00539385613906029,0.00111279974880676,-0.00358122761326994,0.000333274921263742,0.000130513791995556,-0.00158718914265316,-1.31291228674219e-05,-1.8007352242559e-05,0.00290916929364675,4.76030475283415e-05,-0.0205926181124997,-0.00133591117409966
"midlands","m_CHR",1.94598497206292e-10,2.11441305396027e-10,3.55796024876569e-10,-3.85126065094759e-10,1.89909889688752e-10,-1.27848463167134e-10,5.08773584314344e-10,1.18206504981929e-09,-3.72644187539207e-09,2.8778111437993e-09,-3.59009742865331e-08,1.04227368984305e-12,-5.20110610567585e-14,-2.80416091749986e-08,-1.30271338806872e-08,-6.04546119301007e-08,-3.31481893507876e-09,1.36428108995114e-09,8.63639028487036e-10,4.47533841658608e-09,7.78650048179603e-09,-6.53951449636332e-09,-3.00015648357161e-09,1.5713289428098e-08,-7.08618740748987e-09,3.22300426702346e-10,-3.25328761948458e-08,2.39710171132753e-10,1.0315596149244e-11,4.70678952503589e-08,1.34829748252875e-09,-3.15798855547342e-07,-2.68437027265443e-09
"midlands","m_CHW",-8.41340044282204e-10,-5.8947039531885e-11,-1.66497414146301e-11,9.75218001041342e-11,-1.93117866957555e-10,5.62723505223027e-11,4.43723103349247e-12,1.20203662531703e-10,-7.66764833964133e-10,9.38023384691488e-10,2.71804836603825e-09,-5.20110610567585e-14,1.30995648387424e-13,2.7898892916754e-09,2.61886435121353e-09,-1.256966880843e-09,3.0041355375926e-09,8.68648349747626e-10,-3.65215889409822e-10,-1.66071560410089e-09,2.98365828564765e-09,-5.18637758848869e-09,-2.03132014449806e-09,8.00100509529379e-11,-9.57910593880757e-10,-4.23552447195717e-11,-4.15301035919317e-09,2.73396171792895e-12,-7.04626538336418e-12,1.03507538051029e-08,2.75638265459884e-10,-4.3926807361981e-08,-4.5172273082322e-10
"midlands","mu_D",0.000266429319985095,-1.08662952103913e-05,-2.67359323358812e-05,1.60722565295456e-05,-1.53230819639214e-05,4.79424557907834e-06,-2.4510487911498e-06,-3.72362606706309e-05,8.37219806872278e-05,-5.30255542838284e-05,0.00189317325618739,-2.80416091749986e-08,2.7898892916754e-09,0.00230766861656781,0.000215691771660888,0.00190405535709868,0.000367591407089995,-0.000103794211293926,-7.1979793823852e-05,-0.000793481971356437,-0.000314214657226252,0.000167640149323661,0.00055317302398007,-0.00141384166242251,-5.29925029416999e-05,-1.22206793125352e-05,0.00131032841205153,-9.7216490641655e-06,-4.82385446266379e-06,0.000894100999888702,-4.69154292589002e-05,0.00284986517676814,-0.00017073602889947
"midlands","mu_D_2",0.00473293825760469,7.50460675660722e-06,-1.10350961211195e-06,7.83360941080463e-06,-8.02328038350653e-06,-3.56436594670197e-05,-1.83781875558792e-05,7.63115855638671e-05,6.03698822702159e-05,-0.000183051197988572,-0.00670352609449544,-1.30271338806872e-08,2.61886435121353e-09,0.000215691771660888,0.019303216791175,-0.00252097833503325,-0.000210629126450193,-0.000859110905777894,-0.000180040912234412,0.00156642023817461,-0.00205446816739351,0.0075169426728478,-0.000100629848983899,0.000272936001542786,0.000294890831408451,0.000361055683989892,0.00140565028351336,-1.37439189459516e-06,-2.88608647646317e-06,0.00109015012185931,-6.51237732257124e-05,0.0235650675793985,0.000198523423945236
"midlands","mu_gamma_H",-0.00136207550342722,-2.59070676199187e-05,-6.38522569216377e-05,3.17990223285865e-05,3.40284772231475e-05,-2.17872220611814e-05,-2.81694604787125e-05,-0.000100171595086678,0.000160806107172083,-0.000217299122571504,0.0030037803172866,-6.04546119301007e-08,-1.256966880843e-09,0.00190405535709868,-0.00252097833503325,0.0102511838364461,0.000834140397649459,0.000222035690124047,1.24155148687549e-05,-0.000904611138362848,-0.00133296438984483,-0.0014919839840635,-0.000552505353485639,-0.000839558595323809,0.000685803132601847,-0.00010343483256964,0.00366682838228738,-1.49058196495431e-05,3.47422923945678e-06,-0.000667725586424723,-0.00019878683426725,0.0365588843679688,0.000877554755900442
"midlands","mu_gamma_H_2",-0.000722339586840073,-7.08493231511024e-06,-2.86060845928689e-05,2.14673414509418e-05,9.48706001016018e-06,5.1062898698911e-06,1.55266953363268e-05,5.27187731154986e-06,-3.4193936783925e-05,9.0363870195273e-05,0.000904640450637929,-3.31481893507876e-09,3.0041355375926e-09,0.000367591407089995,-0.000210629126450193,0.000834140397649459,0.00215870188492582,-0.000447043131941735,-9.16706935113048e-05,-0.000249165467092327,-0.000195272153568726,-0.00112285556473248,2.56575782627763e-05,-0.000323555158090545,6.48828962685064e-05,-1.70595393738598e-05,-6.40726816508953e-05,-5.4234731424404e-06,-2.02767282229238e-06,-0.00120819635536874,2.44275351335434e-05,0.00386092529833285,-0.000314044300074917
"midlands","mu_gamma_H_3",-4.64107684650657e-05,-2.00833540745176e-06,5.8574959079582e-06,-1.55940330121761e-05,-1.56290270556359e-05,9.85167287606992e-06,1.90359598576495e-06,4.93886717100755e-06,-5.49474303126284e-06,2.30837083159656e-05,0.000583045417673166,1.36428108995114e-09,8.68648349747626e-10,-0.000103794211293926,-0.000859110905777894,0.000222035690124047,-0.000447043131941735,0.000589360107608721,3.03206857787618e-05,-0.0001083121244261,0.000133678271053672,-0.000306211426292084,-0.000127640662102251,-0.000108563525038294,6.35248453588224e-05,-1.96641849270749e-05,0.000339525496053368,-1.68654614841762e-06,-9.54046746386404e-09,0.000701483111855717,2.05135025391783e-06,-0.00344739461019054,-0.00012791891935064
"midlands","p_G_D",9.69176511091742e-05,2.13853211529079e-06,1.856870218616e-06,-7.1899002138416e-07,-3.4788361203815e-06,1.31596376810081e-06,-4.23179630636953e-06,-2.08013857252118e-07,-4.1787527042386e-06,-3.24648261951195e-06,9.45027540605424e-05,8.63639028487036e-10,-3.65215889409822e-10,-7.1979793823852e-05,-0.000180040912234412,1.24155148687549e-05,-9.16706935113048e-05,3.03206857787618e-05,3.34981741303307e-05,7.67235161323573e-05,-2.88105701878658e-05,-3.00863393915103e-05,-1.22717915602575e-05,7.26642507586894e-05,1.93902357859389e-05,3.98830674167468e-06,8.52526890901142e-05,1.01485416211916e-06,-1.23377908197469e-07,-2.11417433098698e-05,-1.57441275846227e-06,0.000166933684638984,8.00737598392606e-05
"midlands","p_G_D_CHR",0.000919489771095469,4.12341366975147e-06,-7.45461441237899e-07,1.19636809064007e-05,3.34746532132418e-06,-8.34476885999842e-06,-1.30163594537044e-05,-1.17691066565449e-05,2.59591706498992e-05,-5.70665428059407e-05,0.000733387179207906,4.47533841658608e-09,-1.66071560410089e-09,-0.000793481971356437,0.00156642023817461,-0.000904611138362848,-0.000249165467092327,-0.0001083121244261,7.67235161323573e-05,0.002081778350961,-0.000195552909557982,0.00124835500739946,-0.000372087056987519,0.000457130944692351,0.000181745969023515,6.73537585606568e-05,0.000331248262877763,2.71099464853308e-06,-1.74549324722877e-06,-0.00102847411762993,1.94241710888069e-05,0.0077149081857075,0.000327732076119908
"midlands","p_H",-0.000911636975955824,1.32485169797776e-07,1.4334624923404e-05,-8.73486506589957e-06,-1.61116215651577e-05,1.90751836073407e-05,5.4176939193373e-06,3.3689469179097e-06,-1.65597581338061e-05,7.37539749797355e-05,0.000250549066253901,7.78650048179603e-09,2.98365828564765e-09,-0.000314214657226252,-0.00205446816739351,-0.00133296438984483,-0.000195272153568726,0.000133678271053672,-2.88105701878658e-05,-0.000195552909557982,0.000984238132410448,-0.000947139265213702,0.000107692479159556,0.000263586185824082,-0.000309381264852452,-6.16097903143583e-05,-0.000788254152727232,-4.1863319960117e-07,8.32357255826038e-07,0.000500127857670972,4.77603187888302e-05,-0.0144342251240061,-0.000315260762405204
