"region","name","alpha_D","alpha_H","beta1","beta10","beta11","beta12","beta13","beta14","beta15","beta16","beta17","beta18","beta19","beta2","beta20","beta21","beta22","beta23","beta24","beta3","beta4","beta5","beta6","beta7","beta8","beta9","eps","m_CHR","m_CHW","mu_D","mu_D_2","mu_gamma_H","mu_gamma_H_2","mu_gamma_H_3","p_G_D","p_G_D_CHR","p_H","p_H_2","p_H_3","p_H_D","p_ICU","p_ICU_2","p_ICU_D","p_NC","p_NC_weekend","p_W_D","rho_pillar2_tests","start_date"
"east_of_england","alpha_D",0.0362596371708485,-0.000140305181153407,-0.000313537751701077,-0.000271134692737399,0.00033816078982091,-8.66605206923445e-05,-3.75293182159636e-05,-6.54978341167241e-05,0.00015224266561013,-6.81906047266549e-05,1.75903226486915e-05,-4.83348387726777e-05,-0.000104585919097411,-0.000302711965136903,6.84297531261426e-05,2.38984864156101e-05,-4.61212210909187e-05,-0.00030957027840117,-0.000762096120098175,7.06572105720582e-05,-0.000161394141963631,-4.44155493652191e-05,-4.81740654392895e-05,-2.10422462115395e-06,-0.000163711779779305,0.00013762859131827,-0.0116077557485425,-7.1398705370152e-08,9.44512637050393e-08,-0.000150450529585053,0.00156773706854567,0.000433090262001194,0.00183553073621701,-0.000756263434560606,0.000362317316401916,0.00338203717292623,0.00177316939202786,0.00225700591153259,0.00079594571961256,0.00167316345673754,0.000111297349808458,0.000556657128936551,0.00749390455207007,4.16216238863953e-06,1.36658116988576e-05,0.000196827715978888,-6.62266454561896e-05,-0.0883119697050747
"east_of_england","alpha_H",-0.000140305181153407,1.44073157729799e-05,-1.963926540406e-06,-2.73160129901988e-06,-3.17601247345824e-07,2.48761585263209e-06,2.07186505727066e-06,-7.32108578507879e-07,-1.73802279807217e-06,-2.25368629776212e-06,3.13704339669794e-06,-1.4386054318073e-06,-3.3893812523295e-06,9.587298450502e-06,8.25161116856857e-06,-1.1078417586141e-06,-7.26486212379591e-06,2.52497034949233e-06,2.59358495859724e-05,-6.11742629075427e-06,2.41064726910509e-06,-7.87984567100947e-07,1.42423596429784e-07,3.14816930116974e-07,8.61327046903634e-06,-5.39794343690952e-06,-0.000218916764451302,1.14612407884319e-09,7.96302661863821e-10,1.16166068835035e-05,-0.000102405457457312,-3.80755784250508e-05,-2.11373633418356e-05,-9.96598629502382e-06,2.09275531971065e-06,-5.75554722654187e-05,-4.3183918188048e-05,-0.000103302060536932,-2.12052913577021e-06,6.1062122690187e-05,6.84747078256395e-06,-1.12590712783686e-05,-0.000260256097581247,1.09445036941247e-07,1.95078225516385e-07,-0.000155526715721501,-1.23686354003104e-06,-0.00431646216302745
"east_of_england","beta1",-0.000313537751701077,-1.963926540406e-06,7.38891921031371e-05,-6.96128567817135e-06,9.48782604840666e-06,-2.37453183119816e-06,1.09321920999989e-06,5.34805244765151e-06,4.95739115149339e-07,1.72868774641878e-06,1.42528419883841e-06,2.42927621376865e-06,1.35327891889324e-06,-5.82354870811344e-05,6.85769060662459e-06,-7.51764385737962e-06,2.88192031858753e-05,1.56759003576954e-05,4.83470410045127e-05,1.02026284992679e-06,4.03471225542622e-06,2.40012113209772e-06,-7.29847524132859e-06,1.04894126477093e-05,-5.65361569146324e-06,1.3236373008475e-05,-0.00017434579692812,-2.05303427201383e-11,-1.29513564255404e-09,9.63670703179648e-05,-4.62037280597238e-05,-2.55440251557931e-06,-0.000103932371403618,0.000160972400856415,1.55465949438116e-05,-0.000225504344234205,-8.36898235375941e-05,-3.08580292570606e-05,4.44554586927067e-06,-0.000115002317971847,2.71812713576129e-05,-5.06378376513564e-06,-0.000310386490036836,-5.06461933952502e-07,-3.6364503646057e-07,0.000152092735633803,2.91142134665019e-06,0.0146293971651431
"east_of_england","beta10",-0.000271134692737399,-2.73160129901988e-06,-6.96128567817135e-06,1.49761486436564e-05,-1.23297882075926e-05,-2.73248065474689e-06,-6.03235212554801e-07,2.69252586899087e-06,-1.03149869428455e-06,1.67998950869081e-06,-1.2657300330351e-06,1.20525241774838e-06,7.64746160186151e-07,8.66509866230744e-06,-7.82709362630991e-06,7.40137037632934e-07,1.19027430648767e-07,5.32336788132718e-06,-4.21216935010598e-06,3.02766278120643e-06,-1.49796172739523e-06,2.44175129660524e-06,1.34896912270754e-06,-3.43986883929615e-07,-1.01348980678259e-06,-7.34750495349176e-06,0.000323861471832473,1.37597864252621e-09,-1.75752208634631e-09,8.10354328393502e-06,9.60920015024086e-05,6.71073754258615e-05,8.81749619040583e-06,2.04464368755209e-05,-1.44719538645745e-06,-2.57251921293712e-05,4.39373625185793e-06,5.31378647545506e-05,-2.35827511185635e-05,-7.26340773648056e-05,1.29457689198826e-05,-3.96338414185097e-06,2.55654834285018e-05,-1.11317956534299e-08,-3.47525976135518e-07,6.21280704719958e-05,1.22434682310001e-06,-0.00191756386340734
"east_of_england","beta11",0.00033816078982091,-3.17601247345824e-07,9.48782604840666e-06,-1.23297882075926e-05,2.43273156919172e-05,-4.65560100640121e-06,2.33704732524048e-06,-3.89328819638475e-06,6.98041120567463e-06,-3.57331475952288e-06,3.07263339299791e-06,-9.00087146436934e-06,-1.36503872318351e-10,-4.54671435591894e-06,1.11736508808967e-05,1.69064116602521e-07,3.96330331453016e-06,-1.3552260335684e-05,-2.03028044769624e-05,-2.79105989806767e-06,2.97455178609686e-06,-1.33210629820383e-06,-7.61988129705871e-06,3.2955123904443e-06,3.57448560771732e-06,-5.18648107595313e-07,-0.000495505419743584,-2.13131815199646e-09,1.68423525814833e-09,-0.000103068370241445,-0.000162036991155182,5.44111790998397e-05,-3.14255223888465e-05,-8.3402510261131e-05,-2.72029891345627e-06,0.000100239762815368,-9.0624012556784e-06,-7.22615374391049e-05,5.54182397134188e-05,0.000154308842753596,-7.11048119422562e-05,1.99291494494431e-05,0.000131758444695006,-8.24474045911383e-08,3.97561853151614e-07,-7.78250239612224e-05,-6.1290154931486e-07,0.00754766663098224
"east_of_england","beta12",-8.66605206923445e-05,2.48761585263209e-06,-2.37453183119816e-06,-2.73248065474689e-06,-4.65560100640121e-06,1.27559304042076e-05,-4.93669555699785e-06,1.37264790656966e-06,-2.98892923665847e-06,-7.13286845833067e-07,1.59816272649059e-06,3.75495573030417e-06,5.33580871442135e-06,-3.74763066066353e-06,-8.92538896350553e-07,-4.51966818651563e-06,2.88289800577422e-06,6.40996398197742e-06,6.20475199752529e-06,5.00185335108196e-07,-1.52163836012075e-06,2.6852095007542e-06,-2.6154710934897e-06,-4.55681152124687e-06,1.17826072984258e-05,-3.14353340806814e-06,-0.000398140722470379,-2.76255179285944e-10,1.34804488589483e-09,-3.744918832135e-05,-5.14893841422083e-05,-0.000101195658794308,-2.12295551937999e-05,-9.80724847647045e-06,-3.63995643485138e-06,0.000115069751626054,1.84550208121427e-05,-0.000124902359916362,-4.99559334933458e-05,5.75502280442917e-05,-5.39537338497237e-05,-1.24167208092453e-05,-4.8500719080039e-05,4.21194432410674e-07,-9.48665010140189e-08,-0.000154726662558864,1.13500802641375e-06,-0.000825480204641172
"east_of_england","beta13",-3.75293182159636e-05,2.07186505727066e-06,1.09321920999989e-06,-6.03235212554801e-07,2.33704732524048e-06,-4.93669555699785e-06,5.52051164197229e-06,-4.33164038419018e-06,5.64334107813676e-07,-4.06590686738313e-07,5.22595191599089e-07,-4.3305205105712e-06,-4.42542951651575e-06,1.28024102334436e-05,3.71458425069919e-06,7.51839713138159e-06,-2.99722642142059e-06,-9.45480901428264e-06,-1.09070318261836e-06,-3.08507411115837e-06,2.88801551526943e-06,-2.40545340700508e-06,-3.86923261651681e-07,4.71774651858354e-06,-5.74993152588969e-06,1.71654235590181e-06,0.000128138373328902,-2.11190203092916e-10,-2.92541268900364e-10,-2.07733260832946e-06,-5.85297359227021e-06,3.44330472549301e-05,-1.03252939652065e-05,-1.26351877595197e-05,-1.16882753052569e-06,-4.85357505202344e-05,-2.56713180086367e-05,1.09224740475045e-05,3.16043761132562e-05,1.79233425152293e-05,9.40437257439196e-06,5.84043344423892e-06,-9.57361208880096e-06,-2.73408710022151e-07,8.24672762422439e-08,2.15254557589578e-06,-1.38045646392184e-06,-0.00154605799497997
"east_of_england","beta14",-6.54978341167241e-05,-7.32108578507879e-07,5.34805244765151e-06,2.69252586899087e-06,-3.89328819638475e-06,1.37264790656966e-06,-4.33164038419018e-06,7.26358555323178e-06,-1.09047817470767e-06,9.37261949989048e-07,-6.71428586739017e-07,5.91176317855947e-06,4.60931282707879e-06,-1.64099183201321e-05,-3.93825374399866e-06,-8.34404776632355e-06,5.73724039411685e-06,1.4989347633485e-05,8.50779783276861e-06,3.26545229158322e-06,-1.98763702573898e-06,1.57267115521486e-06,3.40623897764041e-06,-3.64743221446468e-06,3.10217069637335e-06,3.47891923046484e-07,3.411636360626e-05,1.38523063081169e-09,-1.10688170827871e-09,5.04196187569824e-05,4.08825231874262e-05,-1.11622239394661e-05,6.85394233197194e-06,2.98437385213607e-05,8.19718797003525e-06,-4.62984599667681e-05,9.48384187858121e-06,1.06362652416215e-05,-3.2067669322565e-05,-8.67230523789666e-05,1.57074938231241e-05,-1.09412173412112e-05,-3.53638159570299e-05,2.35171441853443e-07,-4.7183088479365e-08,4.52450604837372e-05,1.92778288306925e-06,0.00201500544752962
"east_of_england","beta15",0.00015224266561013,-1.73802279807217e-06,4.95739115149339e-07,-1.03149869428455e-06,6.98041120567463e-06,-2.98892923665847e-06,5.64334107813676e-07,-1.09047817470767e-06,6.22283110401932e-06,-1.89647583597714e-06,1.56437792041767e-06,-3.62198710851417e-06,-3.02025857550369e-06,6.77356028393384e-06,4.08932437398746e-06,1.27478530224828e-06,4.43285581396717e-06,-7.02886448626813e-06,-1.65347993699078e-05,-1.41113571540078e-06,3.11352868319871e-07,7.00906832310141e-07,-4.53322349351368e-06,3.32240272748144e-06,-8.05038060180704e-07,-2.6699617482067e-06,-0.000223560062690688,-8.14749887530236e-10,1.17811819141646e-09,-4.99084409731682e-05,-3.49101708329357e-05,2.41860883537533e-05,2.00269991887739e-05,-2.61141610174279e-05,-9.66525061634253e-07,5.30784538645687e-05,-1.25949559952616e-05,-6.69354679620241e-06,3.32065784583422e-05,7.78237827507096e-05,-1.59847126802024e-05,6.33015548839608e-06,3.56579756543237e-05,-2.38032619985667e-08,5.53070386531809e-08,4.75189165112552e-05,-7.47946772315097e-07,0.00159326723500251
"east_of_england","beta16",-6.81906047266549e-05,-2.25368629776212e-06,1.72868774641878e-06,1.67998950869081e-06,-3.57331475952288e-06,-7.13286845833067e-07,-4.06590686738313e-07,9.37261949989048e-07,-1.89647583597714e-06,2.11391096075894e-06,-2.33724410590679e-06,2.57036926683439e-06,1.0545741271624e-06,-7.14708560230853e-06,-3.59584605919705e-06,-6.9117784824754e-07,-1.37182349604068e-06,4.20470723410965e-06,4.30375480851727e-06,2.16929184423684e-06,-5.75166257757372e-07,-2.77627979444619e-08,2.79542804011385e-06,-9.18630052765544e-07,-3.47029100696546e-06,2.8439996355374e-06,0.000274480140013478,8.04094890569775e-10,-1.26230852616977e-09,3.68730284218047e-05,3.69469663489231e-05,-8.22630965578225e-06,-9.63109026966483e-07,3.40345169742456e-05,1.88410434248603e-06,-5.70619705340648e-05,4.00836815238269e-06,6.07247457900451e-05,-1.18954911010175e-05,-6.32741420640203e-05,3.26465068749506e-05,-4.71989054399927e-07,1.14782819441707e-05,-9.19922536593151e-08,-8.54858756645188e-08,8.02483972673034e-05,2.5422980466876e-07,4.87664799931685e-05
"east_of_england","beta17",1.75903226486915e-05,3.13704339669794e-06,1.42528419883841e-06,-1.2657300330351e-06,3.07263339299791e-06,1.59816272649059e-06,5.22595191599089e-07,-6.71428586739017e-07,1.56437792041767e-06,-2.33724410590679e-06,3.45483307188447e-06,-3.33993616139356e-06,-2.05783936999503e-07,6.42796904238273e-06,4.56547746450984e-06,9.8696908829201e-07,4.14674918782887e-06,-3.56371718594999e-06,-4.29037172399535e-06,-2.13953256722843e-06,5.58570763737681e-07,7.40658766000619e-07,-3.71446021684616e-06,1.79194200071436e-06,4.43374145615963e-06,-2.86465771281519e-06,-0.000359684024695007,-7.66803274447961e-10,1.33273110684028e-09,-5.02276870900849e-05,-1.55488182596913e-05,3.19695679221529e-05,-1.41208229918001e-05,-4.20038063636627e-05,-3.16768549024479e-06,7.0395905970866e-05,-8.35017094302774e-06,-8.50267496666096e-05,3.1355735607408e-06,6.2899960238784e-05,-4.98585597023225e-05,-8.80524323085039e-07,-1.44875543983112e-05,9.83709643886686e-08,6.67134448062872e-08,-0.00011042927311684,2.81803164610247e-07,1.39823919133249e-05
"east_of_england","beta18",-4.83348387726777e-05,-1.4386054318073e-06,2.42927621376865e-06,1.20525241774838e-06,-9.00087146436934e-06,3.75495573030417e-06,-4.3305205105712e-06,5.91176317855947e-06,-3.62198710851417e-06,2.57036926683439e-06,-3.33993616139356e-06,1.13075134307131e-05,2.43887934421006e-06,-1.6477769285671e-05,-7.18088850561469e-06,-7.16334047283941e-06,-3.78800211053243e-07,1.46036755130459e-05,1.8565666845642e-05,3.01839706275835e-06,-1.99384342206485e-06,4.60943355850384e-07,6.4479674649213e-06,-5.31456727676351e-06,-4.31939145597538e-07,4.62191729918505e-06,0.000211397866896831,1.23306242952371e-09,-1.27611321259067e-09,8.88637011965598e-05,3.45236302109883e-05,-0.000109861233193547,2.97366426937205e-05,6.53573577553573e-05,1.00056049538177e-05,-0.000110450446662185,1.55573261313823e-05,6.05744893314058e-05,-4.0245676637418e-05,-0.000111517041926866,6.04318416208884e-05,-1.48927627146151e-05,-8.9049954197807e-05,2.28298583231163e-07,-1.45046396594228e-07,8.21553234355415e-05,7.84441823377163e-07,-0.000860131520860243
"east_of_england","beta19",-0.000104585919097411,-3.3893812523295e-06,1.35327891889324e-06,7.64746160186151e-07,-1.36503872318351e-10,5.33580871442135e-06,-4.42542951651575e-06,4.60931282707879e-06,-3.02025857550369e-06,1.0545741271624e-06,-2.05783936999503e-07,2.43887934421006e-06,1.34270248254968e-05,-1.5121517771677e-05,-6.51577130937646e-06,-5.26628751540128e-06,6.88572979907317e-06,1.23250707927875e-05,-1.01639213972203e-05,6.0396087666099e-06,-1.48253774439305e-06,2.6175741113955e-06,-9.83138118058651e-07,-5.01682757622627e-06,8.93002732512251e-06,-1.83343003735518e-06,-9.54307855823034e-05,1.10825827707595e-09,-1.79455299810648e-09,-3.20351738402017e-05,-1.47615220841074e-05,1.32475313070849e-05,-5.97475690993915e-05,-2.6996656447966e-05,4.5065154218191e-07,9.89706930495115e-05,4.2718895106669e-05,-6.1075925870606e-05,-5.78645938480104e-05,-2.72471045241318e-05,-6.60984076981654e-05,-2.32236180444636e-06,0.00018884294627914,3.60280132948919e-07,-4.55106319257107e-08,-7.71165478976671e-05,3.70995401075735e-06,0.0044266373540496
"east_of_england","beta2",-0.000302711965136903,9.587298450502e-06,-5.82354870811344e-05,8.66509866230744e-06,-4.54671435591894e-06,-3.74763066066353e-06,1.28024102334436e-05,-1.64099183201321e-05,6.77356028393384e-06,-7.14708560230853e-06,6.42796904238273e-06,-1.6477769285671e-05,-1.5121517771677e-05,0.000141431195069709,3.80489446092542e-06,3.35481820774943e-05,-1.18516782507491e-05,-4.66801963368909e-05,-5.32188815685301e-05,-2.03216450162743e-05,9.02987402672879e-06,-5.2686861166389e-06,-3.99334981359716e-06,6.94658408702444e-06,5.18144178706644e-07,-1.89293329233828e-05,-0.00040648057995795,2.21305943954444e-10,3.23543874067668e-09,-0.000218200652144514,-5.25908596798273e-05,2.65104153451834e-05,0.000106846020472774,-0.000190786781040621,-2.48030529965101e-05,0.000140848311592106,-5.69813513955828e-05,-0.000111995493175057,9.79576445757309e-05,0.000304099432705424,-6.84941639337502e-05,3.89746209453459e-06,3.49318090775789e-05,2.76545657645086e-07,-6.87797101727444e-08,-0.00012276982337076,-4.99335807439203e-06,-0.0185113744518374
"east_of_england","beta20",6.84297531261426e-05,8.25161116856857e-06,6.85769060662459e-06,-7.82709362630991e-06,1.11736508808967e-05,-8.92538896350553e-07,3.71458425069919e-06,-3.93825374399866e-06,4.08932437398746e-06,-3.59584605919705e-06,4.56547746450984e-06,-7.18088850561469e-06,-6.51577130937646e-06,3.80489446092542e-06,1.807026777762e-05,-6.91873136941756e-07,1.50188487134688e-06,-1.14773118306748e-05,6.80994272702858e-07,-6.07561585234234e-06,2.94706321172948e-06,-1.28975049071365e-06,-3.84203330022639e-06,4.19487444368843e-06,4.86884822897719e-06,-2.88335420992995e-06,-0.000451175366330156,-1.48043947529266e-09,2.29511270174757e-09,-7.30922926230204e-05,-0.000111873210640059,1.61890237679614e-05,-1.85931777423066e-05,-5.64265858661721e-05,3.38225986473666e-07,2.28252716385556e-05,-5.01120005392961e-05,-0.000121840607770366,3.76902544408196e-05,0.000152187709983646,-3.86836673033518e-05,-2.05325653001185e-07,-0.000112855572496748,-1.53066570899949e-07,3.94511361348716e-07,-0.000120838751563967,-1.55906633634312e-06,0.00116289214666613
"east_of_england","beta21",2.38984864156101e-05,-1.1078417586141e-06,-7.51764385737962e-06,7.40137037632934e-07,1.69064116602521e-07,-4.51966818651563e-06,7.51839713138159e-06,-8.34404776632355e-06,1.27478530224828e-06,-6.9117784824754e-07,9.8696908829201e-07,-7.16334047283941e-06,-5.26628751540128e-06,3.35481820774943e-05,-6.91873136941756e-07,2.29069606456961e-05,-5.1132069427036e-06,-1.9988347327159e-05,-1.63880122749269e-05,-3.29704709802728e-06,2.37305903036376e-06,-2.38223262064971e-06,-2.39647944698526e-06,7.70435192125936e-06,-1.19647450728174e-05,3.99868303809175e-06,0.00017782626702046,-7.55777953074973e-10,3.09187805359273e-11,-1.47535454725278e-05,9.4412503152513e-05,6.5790923150871e-05,8.39677937278432e-06,-6.26408289380759e-05,-1.07203261276967e-05,2.96330048177279e-05,-1.70029482714191e-05,2.79092328049361e-05,4.53856587750658e-05,5.45878282354576e-06,-9.36459971359722e-06,1.60119778732292e-05,0.000117370851185086,-2.28230825683731e-07,-3.5904760312765e-09,5.98823695902006e-06,-3.32313034585365e-06,-0.00469444921883676
"east_of_england","beta22",-4.61212210909187e-05,-7.26486212379591e-06,2.88192031858753e-05,1.19027430648767e-07,3.96330331453016e-06,2.88289800577422e-06,-2.99722642142059e-06,5.73724039411685e-06,4.43285581396717e-06,-1.37182349604068e-06,4.14674918782887e-06,-3.78800211053243e-07,6.88572979907317e-06,-1.18516782507491e-05,1.50188487134688e-06,-5.1132069427036e-06,4.47123421899941e-05,6.35252335502377e-06,-1.43960452351404e-05,2.52843214116042e-06,-2.55551901030521e-07,4.5408046298494e-06,-6.43420514227338e-06,2.17121349844079e-06,5.09928315343396e-06,1.0336604798793e-06,-0.000603711203389939,-4.14634096833457e-10,5.78782522946507e-10,-8.40589419099415e-05,1.36043931266991e-05,4.06053485389337e-05,-3.15917739602574e-05,-1.25481376034927e-06,8.56727477390841e-06,8.53348550587262e-05,-1.78827969006633e-05,-0.000110553347306294,-2.19172075894191e-05,4.26888542248874e-05,-8.37430620032754e-05,-9.34272857384508e-06,6.34531241712058e-05,3.10556336920977e-07,-3.46846776430704e-07,5.09450678850777e-05,5.06421724022255e-06,0.00652028202772659
"east_of_england","beta23",-0.00030957027840117,2.52497034949233e-06,1.56759003576954e-05,5.32336788132718e-06,-1.3552260335684e-05,6.40996398197742e-06,-9.45480901428264e-06,1.4989347633485e-05,-7.02886448626813e-06,4.20470723410965e-06,-3.56371718594999e-06,1.46036755130459e-05,1.23250707927875e-05,-4.66801963368909e-05,-1.14773118306748e-05,-1.9988347327159e-05,6.35252335502377e-06,4.45669437500809e-05,4.52954351549073e-05,8.27947331771506e-06,-4.00704003000305e-06,4.26316000480215e-06,5.03904131440676e-06,-6.49247021884535e-06,7.3510266240837e-06,4.93329744223234e-07,0.000294209130280037,5.24060636539507e-09,-3.70823039266529e-09,0.000186605338948104,2.96851477722825e-06,-0.000102280918983023,-4.16303752462608e-05,0.000151454026086817,2.03193843773574e-05,-0.00015687941302392,8.79381777880207e-06,3.0350438323353e-05,-8.87762369149086e-05,-0.000212017953021904,8.82749639821425e-05,-2.74105863740505e-05,-0.000229103616937654,3.60821177046923e-07,-2.61436068616024e-07,0.000159989094382877,4.39727270369236e-06,0.00317087150480866
"east_of_england","beta24",-0.000762096120098175,2.59358495859724e-05,4.83470410045127e-05,-4.21216935010598e-06,-2.03028044769624e-05,6.20475199752529e-06,-1.09070318261836e-06,8.50779783276861e-06,-1.65347993699078e-05,4.30375480851727e-06,-4.29037172399535e-06,1.8565666845642e-05,-1.01639213972203e-05,-5.32188815685301e-05,6.80994272702858e-07,-1.63880122749269e-05,-1.43960452351404e-05,4.52954351549073e-05,0.00020789737382722,-8.80331869258766e-06,3.71234603944457e-06,-1.18919107163811e-06,9.5606497762306e-06,-3.24178624942559e-06,3.36907223193517e-06,9.16202799792856e-06,0.000419058259910548,5.65084131890026e-09,-1.35544747810301e-09,0.000453043254519131,-0.000190160181405506,-0.000324596286968383,-5.60279331507921e-05,0.000373325203156185,4.56574464143543e-05,-0.000663119407139202,-0.000124150135201321,4.0172088870944e-05,-2.02114385336199e-05,-0.000286663224962528,0.00029783883699069,-4.40925860259564e-05,-0.00136970520843408,-3.02101662293011e-07,-6.62267429029294e-07,0.000127082577283516,-2.53614110059943e-06,-0.00359743162337161
"east_of_england","beta3",7.06572105720582e-05,-6.11742629075427e-06,1.02026284992679e-06,3.02766278120643e-06,-2.79105989806767e-06,5.00185335108196e-07,-3.08507411115837e-06,3.26545229158322e-06,-1.41113571540078e-06,2.16929184423684e-06,-2.13953256722843e-06,3.01839706275835e-06,6.0396087666099e-06,-2.03216450162743e-05,-6.07561585234234e-06,-3.29704709802728e-06,2.52843214116042e-06,8.27947331771506e-06,-8.80331869258766e-06,7.32333176160515e-06,-3.53819065374178e-06,2.37523078419787e-06,7.35663863248767e-07,-2.07221583518077e-06,-1.66908436505399e-06,2.27957600909955e-06,0.000233968968970811,2.83759785062532e-10,-1.48879459285823e-09,1.9510765432863e-05,7.19804536536202e-05,3.29652163561607e-05,-1.42232628593964e-05,2.84057717414604e-06,5.72075744754159e-07,4.23931742558971e-05,3.4578871224259e-05,4.70480642976303e-05,-3.36114682006971e-05,-7.33189561005869e-05,-3.87917058965652e-06,2.73047276360127e-06,0.000161716148886161,3.74707499888113e-08,-8.12111685026208e-08,4.70545925863456e-05,1.44012444834653e-06,0.00224816233641882
"east_of_england","beta4",-0.000161394141963631,2.41064726910509e-06,4.03471225542622e-06,-1.49796172739523e-06,2.97455178609686e-06,-1.52163836012075e-06,2.88801551526943e-06,-1.98763702573898e-06,3.11352868319871e-07,-5.75166257757372e-07,5.58570763737681e-07,-1.99384342206485e-06,-1.48253774439305e-06,9.02987402672879e-06,2.94706321172948e-06,2.37305903036376e-06,-2.55551901030521e-07,-4.00704003000305e-06,3.71234603944457e-06,-3.53819065374178e-06,3.63367414634205e-06,-1.92992279182096e-06,-7.18710293168602e-07,1.90604163307646e-06,5.65390482656092e-07,-1.00237478455659e-06,-2.90311618327508e-05,1.42685683583526e-10,-2.97656695425971e-10,-1.30121317544525e-05,-7.35466680416884e-05,-1.85813801068362e-05,-1.75291532740013e-05,2.19909506467396e-06,2.39117829150908e-07,-4.62235833564329e-05,-2.39895357851951e-05,-3.076328348135e-05,1.92619111720075e-05,3.41363625041633e-05,-3.95527037162573e-06,-4.29414538413061e-07,-5.68138901520949e-05,-9.28846423355315e-08,3.67097948229925e-08,-1.71938503053638e-05,-1.93916158522609e-07,0.000939439519212358
"east_of_england","beta5",-4.44155493652191e-05,-7.87984567100947e-07,2.40012113209772e-06,2.44175129660524e-06,-1.33210629820383e-06,2.6852095007542e-06,-2.40545340700508e-06,1.57267115521486e-06,7.00906832310141e-07,-2.77627979444619e-08,7.40658766000619e-07,4.60943355850384e-07,2.6175741113955e-06,-5.2686861166389e-06,-1.28975049071365e-06,-2.38223262064971e-06,4.5408046298494e-06,4.26316000480215e-06,-1.18919107163811e-06,2.37523078419787e-06,-1.92992279182096e-06,4.12960451157507e-06,-4.06558434296393e-06,1.94212731583229e-08,3.82555242706121e-06,-3.14259299096014e-06,-0.000135753566146223,2.51123134524856e-10,1.6693444750019e-10,-3.1443072375175e-05,-4.40307847854651e-06,1.40057969458372e-05,-1.39363627163577e-05,-1.08488604999154e-05,-1.97345742591214e-06,6.05320182619702e-05,4.26690662425742e-07,-2.73529874979008e-05,-2.38010675096471e-05,2.41268300785688e-05,-2.11578970539942e-05,-1.18299769220967e-06,-2.03360027171392e-06,1.20420505467964e-07,-2.18226964487092e-07,-5.17301636745252e-06,8.26961084182103e-07,0.000578168360718191
"east_of_england","beta6",-4.81740654392895e-05,1.42423596429784e-07,-7.29847524132859e-06,1.34896912270754e-06,-7.61988129705871e-06,-2.6154710934897e-06,-3.86923261651681e-07,3.40623897764041e-06,-4.53322349351368e-06,2.79542804011385e-06,-3.71446021684616e-06,6.4479674649213e-06,-9.83138118058651e-07,-3.99334981359716e-06,-3.84203330022639e-06,-2.39647944698526e-06,-6.43420514227338e-06,5.03904131440676e-06,9.5606497762306e-06,7.35663863248767e-07,-7.18710293168602e-07,-4.06558434296393e-06,1.5882244974436e-05,-8.35939580129081e-06,-3.83523312312076e-06,6.86672701698695e-06,0.000534128443209116,9.60479077476867e-10,-1.77748878332137e-09,8.02987798380139e-05,0.000117150073674868,-6.41140437063159e-06,5.21284087556138e-05,1.63105317321326e-05,6.3906826866562e-06,-0.00015906188490663,9.613644059028e-06,0.000107776131907196,-1.63045162255881e-05,-0.000142440245433533,6.37493429241794e-05,-8.48781511414295e-06,-2.15435938982519e-05,4.48434446677538e-08,2.08777010811249e-07,4.47286004123841e-05,-1.81649183780548e-07,-0.00333356783975952
"east_of_england","beta7",-2.10422462115395e-06,3.14816930116974e-07,1.04894126477093e-05,-3.43986883929615e-07,3.2955123904443e-06,-4.55681152124687e-06,4.71774651858354e-06,-3.64743221446468e-06,3.32240272748144e-06,-9.18630052765544e-07,1.79194200071436e-06,-5.31456727676351e-06,-5.01682757622627e-06,6.94658408702444e-06,4.19487444368843e-06,7.70435192125936e-06,2.17121349844079e-06,-6.49247021884535e-06,-3.24178624942559e-06,-2.07221583518077e-06,1.90604163307646e-06,1.94212731583229e-08,-8.35939580129081e-06,1.26589805010292e-05,-1.08873267804324e-05,2.75778923147253e-06,-2.00491680897078e-05,-2.85649223496418e-11,2.89372148025903e-10,2.16676683365208e-05,2.6075230927153e-05,3.84942119017563e-05,-1.70890593954897e-05,3.04261838063472e-05,-2.24466401604145e-06,-1.47683755569287e-05,-3.43465516774109e-05,1.22415652698415e-05,4.37368574708864e-05,8.10978584103896e-06,1.91605801868178e-05,7.54802525076727e-06,-1.71216228196422e-05,-4.37787580586692e-07,-5.43204725434089e-08,0.000112448925672102,-1.45424110888805e-06,0.00053154388323901
"east_of_england","beta8",-0.000163711779779305,8.61327046903634e-06,-5.65361569146324e-06,-1.01348980678259e-06,3.57448560771732e-06,1.17826072984258e-05,-5.74993152588969e-06,3.10217069637335e-06,-8.05038060180704e-07,-3.47029100696546e-06,4.43374145615963e-06,-4.31939145597538e-07,8.93002732512251e-06,5.18144178706644e-07,4.86884822897719e-06,-1.19647450728174e-05,5.09928315343396e-06,7.3510266240837e-06,3.36907223193517e-06,-1.66908436505399e-06,5.65390482656092e-07,3.82555242706121e-06,-3.83523312312076e-06,-1.08873267804324e-05,3.06709097171112e-05,-1.82528754514999e-05,-0.000796178648212564,-1.07581442570609e-10,1.54227026976785e-09,-0.000149552157197903,-0.000244388659050275,-5.47971847724656e-05,-5.87099339251264e-05,-8.58270552503212e-05,-1.50921511224822e-06,0.000169017107730275,7.74612336839074e-06,-0.000251482709603905,-5.89369998010749e-05,0.000195431505401662,-0.000129128624697195,-1.42133522891272e-05,-7.73765473862195e-05,7.79153547173057e-07,2.36389301921129e-08,-0.000359535661847967,3.14317641330114e-06,0.00223875204047182
"east_of_england","beta9",0.00013762859131827,-5.39794343690952e-06,1.3236373008475e-05,-7.34750495349176e-06,-5.18648107595313e-07,-3.14353340806814e-06,1.71654235590181e-06,3.47891923046484e-07,-2.6699617482067e-06,2.8439996355374e-06,-2.86465771281519e-06,4.62191729918505e-06,-1.83343003735518e-06,-1.89293329233828e-05,-2.88335420992995e-06,3.99868303809175e-06,1.0336604798793e-06,4.93329744223234e-07,9.16202799792856e-06,2.27957600909955e-06,-1.00237478455659e-06,-3.14259299096014e-06,6.86672701698695e-06,2.75778923147253e-06,-1.82528754514999e-05,2.1536062592562e-05,0.000419759665864197,-6.5576813588945e-10,-8.57491670056558e-10,0.0001174973669582,0.000184370745238926,5.09815838068601e-06,2.52986113112372e-05,4.45121377141378e-05,2.2132787841466e-06,-0.000119991483744464,7.84499364386077e-06,0.000138038551407375,1.18698066749722e-05,-0.00017256398737163,6.89851284693954e-05,3.3223031240857e-06,2.57449679257701e-05,-3.51692297522561e-07,7.54163928338021e-08,0.000154939943274075,-9.23621870886073e-07,-1.21599489268519e-05
"east_of_england","eps",-0.0116077557485425,-0.000218916764451302,-0.00017434579692812,0.000323861471832473,-0.000495505419743584,-0.000398140722470379,0.000128138373328902,3.411636360626e-05,-0.000223560062690688,0.000274480140013478,-0.000359684024695007,0.000211397866896831,-9.54307855823034e-05,-0.00040648057995795,-0.000451175366330156,0.00017782626702046,-0.000603711203389939,0.000294209130280037,0.000419058259910548,0.000233968968970811,-2.90311618327508e-05,-0.000135753566146223,0.000534128443209116,-2.00491680897078e-05,-0.000796178648212564,0.000419759665864197,0.0618214847257883,1.11169466616915e-07,-2.08922116749783e-07,0.00756570533788325,0.00643716229624482,0.000536164624614606,0.00138472915766937,0.00362364125202903,5.37726651557174e-05,-0.00983924165893492,-0.000249337377685232,0.0104308997945682,0.000236124516879431,-0.0102402793540373,0.0061055129786915,0.000181147036415433,0.00187486852270284,-2.20732687059561e-05,-2.66001260502517e-06,0.0119311771050573,-9.27900305385303e-05,-0.0899466532481141
"east_of_england","m_CHR",-7.1398705370152e-08,1.14612407884319e-09,-2.05303427201383e-11,1.37597864252621e-09,-2.13131815199646e-09,-2.76255179285944e-10,-2.11190203092916e-10,1.38523063081169e-09,-8.14749887530236e-10,8.04094890569775e-10,-7.66803274447961e-10,1.23306242952371e-09,1.10825827707595e-09,2.21305943954444e-10,-1.48043947529266e-09,-7.55777953074973e-10,-4.14634096833457e-10,5.24060636539507e-09,5.65084131890026e-09,2.83759785062532e-10,1.42685683583526e-10,2.51123134524856e-10,9.60479077476867e-10,-2.85649223496418e-11,-1.07581442570609e-10,-6.5576813588945e-10,1.11169466616915e-07,1.81538637207129e-12,-1.02294356472743e-12,3.07833086237065e-08,-3.82723782630048e-11,-1.41722632859393e-08,-6.09799193942337e-09,1.96532821327658e-08,4.23452806875516e-09,-4.99178948220583e-08,-1.0391043867293e-08,1.88870427910242e-08,-7.46785295049851e-09,-2.87375601061937e-08,2.48196986900426e-08,-3.08385528870237e-09,-3.66245895791162e-08,3.92399681318388e-11,-3.13409514903919e-11,6.73194625534499e-08,2.31279202433529e-11,-6.51269638843982e-07
"east_of_england","m_CHW",9.44512637050393e-08,7.96302661863821e-10,-1.29513564255404e-09,-1.75752208634631e-09,1.68423525814833e-09,1.34804488589483e-09,-2.92541268900364e-10,-1.10688170827871e-09,1.17811819141646e-09,-1.26230852616977e-09,1.33273110684028e-09,-1.27611321259067e-09,-1.79455299810648e-09,3.23543874067668e-09,2.29511270174757e-09,3.09187805359273e-11,5.78782522946507e-10,-3.70823039266529e-09,-1.35544747810301e-09,-1.48879459285823e-09,-2.97656695425971e-10,1.6693444750019e-10,-1.77748878332137e-09,2.89372148025903e-10,1.54227026976785e-09,-8.57491670056558e-10,-2.08922116749783e-07,-1.02294356472743e-12,1.42730603127737e-12,-2.43604523701477e-08,-1.17188124952785e-08,-3.3132211044561e-09,1.02544937626966e-08,-1.19211810270344e-08,-2.10867612084179e-09,4.42719715421025e-08,1.72785818946173e-09,-2.82186225051027e-08,8.0252905575428e-09,4.37638610389435e-08,-1.56974946230772e-08,6.41698181072202e-10,-2.23257899163053e-08,3.10035405464452e-11,2.2970337552522e-11,-4.65928471005841e-08,-3.41653521496179e-10,-5.48973974382876e-07
"east_of_england","mu_D",-0.000150450529585053,1.16166068835035e-05,9.63670703179648e-05,8.10354328393502e-06,-0.000103068370241445,-3.744918832135e-05,-2.07733260832946e-06,5.04196187569824e-05,-4.99084409731682e-05,3.68730284218047e-05,-5.02276870900849e-05,8.88637011965598e-05,-3.20351738402017e-05,-0.000218200652144514,-7.30922926230204e-05,-1.47535454725278e-05,-8.40589419099415e-05,0.000186605338948104,0.000453043254519131,1.9510765432863e-05,-1.30121317544525e-05,-3.1443072375175e-05,8.02987798380139e-05,2.16676683365208e-05,-0.000149552157197903,0.0001174973669582,0.00756570533788325,3.07833086237065e-08,-2.43604523701477e-08,0.00274527855357739,0.00112351576208608,-0.000856715266881774,0.000345335163745933,0.00159151124079652,0.000166447043802752,-0.00263095532625397,-0.000146484674745414,0.00161061329914623,0.000136327701361714,-0.0025649381869705,0.00168292777063574,-8.76345148202124e-05,-0.00236128362718062,-2.57982028213655e-06,3.05987484306101e-08,0.00267612772279987,-2.02920594266977e-05,-0.0130363265517261
"east_of_england","mu_D_2",0.00156773706854567,-0.000102405457457312,-4.62037280597238e-05,9.60920015024086e-05,-0.000162036991155182,-5.14893841422083e-05,-5.85297359227021e-06,4.08825231874262e-05,-3.49101708329357e-05,3.69469663489231e-05,-1.55488182596913e-05,3.45236302109883e-05,-1.47615220841074e-05,-5.25908596798273e-05,-0.000111873210640059,9.4412503152513e-05,1.36043931266991e-05,2.96851477722825e-06,-0.000190160181405506,7.19804536536202e-05,-7.35466680416884e-05,-4.40307847854651e-06,0.000117150073674868,2.6075230927153e-05,-0.000244388659050275,0.000184370745238926,0.00643716229624482,-3.82723782630048e-11,-1.17188124952785e-08,0.00112351576208608,0.00573866067886011,0.00215033516854318,0.000812007093254191,-2.1699100830211e-05,-8.01547069553045e-05,-0.000478376048760096,0.000459086004128267,0.00223125507708735,-0.000248292251719805,-0.00332798342493057,0.00043496041801716,4.99274968391208e-05,0.0025247156725393,-2.78419510411125e-06,-1.75113325336672e-07,0.00171684023904588,-5.73841664278584e-06,-0.0553440586963539
"east_of_england","mu_gamma_H",0.000433090262001194,-3.80755784250508e-05,-2.55440251557931e-06,6.71073754258615e-05,5.44111790998397e-05,-0.000101195658794308,3.44330472549301e-05,-1.11622239394661e-05,2.41860883537533e-05,-8.22630965578225e-06,3.19695679221529e-05,-0.000109861233193547,1.32475313070849e-05,2.65104153451834e-05,1.61890237679614e-05,6.5790923150871e-05,4.06053485389337e-05,-0.000102280918983023,-0.000324596286968383,3.29652163561607e-05,-1.85813801068362e-05,1.40057969458372e-05,-6.41140437063159e-06,3.84942119017563e-05,-5.47971847724656e-05,5.09815838068601e-06,0.000536164624614606,-1.41722632859393e-08,-3.3132211044561e-09,-0.000856715266881774,0.00215033516854318,0.00330284458976251,-0.00027400204339017,-0.00127313427328042,-0.00017986817933306,0.00114977260246654,0.000106871738697641,0.000281539063294697,0.000144665274941297,-0.000445072728528301,-0.000827013031047666,0.000198563893783148,0.00266695630038976,-2.96839255109226e-06,3.63268503066734e-07,-0.000884470135649862,1.49789101851251e-05,0.0200484227981188
"east_of_england","mu_gamma_H_2",0.00183553073621701,-2.11373633418356e-05,-0.000103932371403618,8.81749619040583e-06,-3.14255223888465e-05,-2.12295551937999e-05,-1.03252939652065e-05,6.85394233197194e-06,2.00269991887739e-05,-9.63109026966483e-07,-1.41208229918001e-05,2.97366426937205e-05,-5.97475690993915e-05,0.000106846020472774,-1.85931777423066e-05,8.39677937278432e-06,-3.15917739602574e-05,-4.16303752462608e-05,-5.60279331507921e-05,-1.42232628593964e-05,-1.75291532740013e-05,-1.39363627163577e-05,5.21284087556138e-05,-1.70890593954897e-05,-5.87099339251264e-05,2.52986113112372e-05,0.00138472915766937,-6.09799193942337e-09,1.02544937626966e-08,0.000345335163745933,0.000812007093254191,-0.00027400204339017,0.000975877928252166,0.00012300520582921,1.02813770304069e-06,-0.000388062245589738,5.00923076454848e-05,0.000842952848323766,0.000214829336358351,-0.000351077041388456,0.000526138029288315,-1.71306024828473e-05,-0.000156003824015533,4.93023926784837e-07,2.04089553225741e-07,0.00105370586535791,-1.87028833082542e-05,-0.0357964272090759
"east_of_england","mu_gamma_H_3",-0.000756263434560606,-9.96598629502382e-06,0.000160972400856415,2.04464368755209e-05,-8.3402510261131e-05,-9.80724847647045e-06,-1.26351877595197e-05,2.98437385213607e-05,-2.61141610174279e-05,3.40345169742456e-05,-4.20038063636627e-05,6.53573577553573e-05,-2.6996656447966e-05,-0.000190786781040621,-5.64265858661721e-05,-6.26408289380759e-05,-1.25481376034927e-06,0.000151454026086817,0.000373325203156185,2.84057717414604e-06,2.19909506467396e-06,-1.08488604999154e-05,1.63105317321326e-05,3.04261838063472e-05,-8.58270552503212e-05,4.45121377141378e-05,0.00362364125202903,1.96532821327658e-08,-1.19211810270344e-08,0.00159151124079652,-2.1699100830211e-05,-0.00127313427328042,0.00012300520582921,0.00247517563687168,0.000204246426037719,-0.00224100123521974,-9.461235546737e-05,0.00135463816351472,-1.70492972722369e-05,-0.00134490491815989,0.00137735486872628,-7.70225451887289e-05,-0.00222523035175663,-3.98913122644171e-06,-2.33239890710956e-06,0.00282361337975309,2.71048835153038e-06,0.00427156805942761
"east_of_england","p_G_D",0.000362317316401916,2.09275531971065e-06,1.55465949438116e-05,-1.44719538645745e-06,-2.72029891345627e-06,-3.63995643485138e-06,-1.16882753052569e-06,8.19718797003525e-06,-9.66525061634253e-07,1.88410434248603e-06,-3.16768549024479e-06,1.00056049538177e-05,4.5065154218191e-07,-2.48030529965101e-05,3.38225986473666e-07,-1.07203261276967e-05,8.56727477390841e-06,2.03193843773574e-05,4.56574464143543e-05,5.72075744754159e-07,2.39117829150908e-07,-1.97345742591214e-06,6.3906826866562e-06,-2.24466401604145e-06,-1.50921511224822e-06,2.2132787841466e-06,5.37726651557174e-05,4.23452806875516e-09,-2.10867612084179e-09,0.000166447043802752,-8.01547069553045e-05,-0.00017986817933306,1.02813770304069e-06,0.000204246426037719,7.1371141022343e-05,-0.000331104861037275,-5.52145947470912e-06,8.73051474663844e-05,-1.64929908953378e-05,-0.000100317669028611,0.000144624759576488,-1.30688068630093e-05,-0.000192298447563575,6.34893196228518e-08,4.90681037248524e-07,0.000296308336015868,3.18546022304862e-07,5.21299011286626e-05
"east_of_england","p_G_D_CHR",0.00338203717292623,-5.75554722654187e-05,-0.000225504344234205,-2.57251921293712e-05,0.000100239762815368,0.000115069751626054,-4.85357505202344e-05,-4.62984599667681e-05,5.30784538645687e-05,-5.70619705340648e-05,7.0395905970866e-05,-0.000110450446662185,9.89706930495115e-05,0.000140848311592106,2.28252716385556e-05,2.96330048177279e-05,8.53348550587262e-05,-0.00015687941302392,-0.000663119407139202,4.23931742558971e-05,-4.62235833564329e-05,6.05320182619702e-05,-0.00015906188490663,-1.47683755569287e-05,0.000169017107730275,-0.000119991483744464,-0.00983924165893492,-4.99178948220583e-08,4.42719715421025e-08,-0.00263095532625397,-0.000478376048760096,0.00114977260246654,-0.000388062245589738,-0.00224100123521974,-0.000331104861037275,0.00574621586630563,0.000789683860311992,-0.0024709071457708,-0.000180774092157709,0.00271412821636114,-0.00241984533112712,0.000151679893007477,0.00443338568924933,5.4573085156522e-06,2.26269732784564e-07,-0.00393379155825456,2.27426863332806e-05,0.0255677035416305
"east_of_england","p_H",0.00177316939202786,-4.3183918188048e-05,-8.36898235375941e-05,4.39373625185793e-06,-9.0624012556784e-06,1.84550208121427e-05,-2.56713180086367e-05,9.48384187858121e-06,-1.25949559952616e-05,4.00836815238269e-06,-8.35017094302774e-06,1.55573261313823e-05,4.2718895106669e-05,-5.69813513955828e-05,-5.01120005392961e-05,-1.70029482714191e-05,-1.78827969006633e-05,8.79381777880207e-06,-0.000124150135201321,3.4578871224259e-05,-2.39895357851951e-05,4.26690662425742e-07,9.613644059028e-06,-3.43465516774109e-05,7.74612336839074e-06,7.84499364386077e-06,-0.000249337377685232,-1.0391043867293e-08,1.72785818946173e-09,-0.000146484674745414,0.000459086004128267,0.000106871738697641,5.00923076454848e-05,-9.461235546737e-05,-5.52145947470912e-06,0.000789683860311992,0.000546398270808202,0.000179776604159893,-0.000208459558670398,-0.000235159955223583,-0.000253310645299955,3.88895500144152e-05,0.0017168799281992,1.09407930888492e-06,6.72432741658787e-07,-0.000530361875663063,1.16014174815316e-05,0.0044720039938174
