"region","name","alpha_D","alpha_H","beta17","beta18","beta19","beta20","beta21","beta22","beta23","beta24","eps","m_CHR","m_CHW","mu_D","mu_D_2","mu_gamma_H","mu_gamma_H_2","mu_gamma_H_3","p_G_D","p_G_D_CHR","p_H","p_H_2","p_H_3","p_H_D","p_ICU","p_ICU_2","p_ICU_D","p_NC","p_NC_weekend","p_W_D","rho_pillar2_tests","strain_seed_date","strain_transmission_2"
"east_of_england","alpha_D",0.0375585893590231,-1.26164917103354e-06,0.000150172408248744,-9.75245230484285e-06,0.000109573097549879,-0.00024933959110127,2.85031122637064e-05,-0.000323891056376292,8.50203971521137e-05,-0.00042235812881402,-0.00167015163466961,6.83463025346638e-08,-5.7322737073663e-09,0.00068418138477192,0.000135391529738242,0.00163035282654539,0.000480105389834848,-0.000918552894955802,-5.64056621038592e-05,0.00457003592163723,-0.00200824624429251,-0.0026742867598505,0.00183000587274284,0.000271494577055306,-0.00261669480329255,-0.000323366906417914,-0.000543808202839058,-5.68395622380937e-06,-3.05058691854265e-06,-0.000783243406904938,-0.000111591808969325,0.0264509212611453,0.00490632560216258
"east_of_england","alpha_H",-1.26164917103354e-06,2.43644262576532e-06,-2.14032075397674e-07,1.63222411927337e-07,5.86181333830766e-07,-7.10662822058389e-07,-3.00582976228204e-07,6.72984655626777e-08,-5.61402880654713e-07,1.09816641920377e-06,-6.70205445660099e-05,-8.08238888176202e-11,-4.79615058593564e-10,3.79961481532776e-06,-9.12054762013297e-06,1.22953694949261e-05,-6.49176363332854e-06,4.01764335430877e-06,1.01977723187688e-06,-1.21658758741718e-05,-7.88588544306594e-06,2.47202574861894e-05,4.99030066326479e-06,-1.00086708279352e-05,-1.18031746245828e-05,1.35149620870007e-06,4.08347772690972e-06,-1.18761719054625e-08,5.24216289948727e-08,3.33365672735633e-06,1.55560225376296e-07,-0.000111069845097708,1.290492631445e-06
"east_of_england","beta17",0.000150172408248744,-2.14032075397674e-07,6.28024691176005e-06,-1.12307279579878e-06,-1.02086305170341e-06,-2.95424216612915e-07,-2.34986202497555e-06,-5.33398139148079e-06,2.51177140539954e-06,-3.58875605015962e-06,6.72262495551226e-05,1.10569693085071e-09,1.24876897497634e-09,5.47990766650076e-06,1.22591646162924e-06,-3.56635342200264e-05,-1.30602473497126e-05,-1.98509073313084e-05,-3.22129702597482e-06,8.02692569607173e-05,-2.11105891464886e-05,-2.61013448438144e-05,1.50771176328339e-08,-2.42189025411313e-05,-3.70915228215641e-05,-3.7503327934766e-06,7.58666980745691e-05,6.94319715299544e-08,5.85486314695294e-08,-0.000106839623332153,3.20789681944799e-08,-0.00155402528756982,6.42216265842828e-05
"east_of_england","beta18",-9.75245230484285e-06,1.63222411927337e-07,-1.12307279579878e-06,7.81895850912188e-06,-8.95981865428454e-06,4.61219750326625e-06,-1.67976299103684e-06,2.20244807789666e-06,2.44738600797641e-07,7.88567809908217e-07,-0.000266235155547251,4.76977808055989e-10,-3.9462444916857e-10,1.25519518931595e-05,-6.67214758352344e-05,7.46773665612849e-05,1.37844591438475e-05,-4.99416751577296e-06,-1.13821639942599e-06,4.03329724330532e-05,-1.85413679975442e-05,-1.99311449271028e-05,1.5977204746819e-06,3.40772121782603e-06,2.57804827285032e-05,-4.47205374279819e-06,2.92329759470433e-05,9.81489509826274e-09,3.52206359259745e-08,-6.03223066260991e-05,5.12473272073501e-07,-0.00172714116136954,-9.64104268289339e-06
"east_of_england","beta19",0.000109573097549879,5.86181333830766e-07,-1.02086305170341e-06,-8.95981865428454e-06,1.7333799777978e-05,-8.1776181411486e-06,2.1063491497441e-06,-3.64092959005297e-06,3.32723745080472e-06,-3.55877066338771e-06,0.000498389820123992,-1.99523208644987e-09,-1.45621335326404e-09,-2.60721491909116e-05,0.000106672105102349,-6.23202138688793e-05,-6.84114405635565e-07,-3.2932083292245e-06,1.03188945265783e-05,-6.30314390791754e-05,2.25525781446733e-05,3.20725484351329e-05,-1.31501549983137e-05,1.14290462153289e-05,-6.10657878683367e-05,1.83695320619263e-07,-9.60718014998006e-05,-3.20629467607537e-08,-7.25868694793453e-08,0.000119184939828835,-6.26061724821235e-07,0.00343944486671679,2.18456955869891e-05
"east_of_england","beta20",-0.00024933959110127,-7.10662822058389e-07,-2.95424216612915e-07,4.61219750326625e-06,-8.1776181411486e-06,1.17945056778619e-05,-2.61326778549893e-06,8.23465768408109e-06,9.62321857023939e-06,5.47479359204921e-06,-0.000191181450512862,-2.58648932973792e-10,2.07335960613015e-09,2.11646364854393e-05,5.20678877539531e-05,0.000105711971776637,7.82146245984424e-06,-2.02724708470292e-06,1.73228730881895e-06,6.58661450795957e-05,1.04325334843966e-05,-9.77929875525027e-05,-2.00586566224321e-05,-2.81858671008333e-05,0.000105484497827987,-4.67459424955199e-07,1.22552511421018e-05,1.092895819992e-07,1.56067181804686e-07,-2.42396668767661e-06,8.66043090876007e-07,-0.00251849478013611,-0.00015095163140707
"east_of_england","beta21",2.85031122637064e-05,-3.00582976228204e-07,-2.34986202497555e-06,-1.67976299103684e-06,2.1063491497441e-06,-2.61326778549893e-06,9.24275785782448e-06,1.57572400557046e-06,-4.62136579722753e-06,5.46047019678363e-06,8.27281958535404e-05,-1.26561258115762e-10,-1.22226777193612e-10,-4.08116785621867e-05,2.35439722232695e-06,-1.07179744179326e-05,8.78403804542465e-06,1.16957004539126e-06,-3.108636144893e-06,-5.58893196413841e-05,2.57015346880328e-05,2.20702252541624e-05,1.1165799646352e-06,3.20620498037368e-05,-1.00553688186364e-05,7.90137564551732e-06,-2.96834616591642e-05,2.40434271210311e-08,-5.17530793925595e-08,-4.40086492949182e-05,-1.15522504106493e-06,0.000187179754642012,-0.000103713724795262
"east_of_england","beta22",-0.000323891056376292,6.72984655626777e-08,-5.33398139148079e-06,2.20244807789666e-06,-3.64092959005297e-06,8.23465768408109e-06,1.57572400557046e-06,3.28230761228755e-05,1.72835350023457e-06,4.12663536608095e-06,-0.000590734064708661,-3.17290534538816e-10,4.1328232503051e-09,7.98403513560376e-06,-2.41229731105738e-05,7.20027075313414e-05,2.75143780824717e-05,3.65141719098312e-05,1.66007113392934e-05,1.52028944269619e-06,3.70955381084721e-05,-3.94007039375753e-05,1.72204767589471e-05,-5.3887524366377e-05,0.000144840366457151,3.21772968940396e-06,2.45533374406493e-05,-8.58329901849593e-08,-8.8960346309846e-08,0.000188937708756487,5.91685173253534e-07,-0.000306559912613727,-0.000249372414602782
"east_of_england","beta23",8.50203971521137e-05,-5.61402880654713e-07,2.51177140539954e-06,2.44738600797641e-07,3.32723745080472e-06,9.62321857023939e-06,-4.62136579722753e-06,1.72835350023457e-06,4.66216289682749e-05,-2.22061065337452e-06,-7.88553467214107e-05,-1.62523406563242e-09,9.53576054009325e-10,2.25382099675549e-05,0.000278789095904166,0.000221152979491809,-3.70278931612738e-05,-2.47424941960543e-05,5.23698001270699e-06,0.000171480261415454,2.91265672200797e-05,-0.000343830841556796,-6.16089894153736e-05,-4.03114824136042e-05,0.000106065571830947,-9.85253468366274e-06,-0.000170649330711832,6.36607818971813e-08,2.04113020083084e-07,-4.22928104327873e-05,5.98176078399403e-07,-0.00464578358617084,-0.000215809073981902
"east_of_england","beta24",-0.00042235812881402,1.09816641920377e-06,-3.58875605015962e-06,7.88567809908217e-07,-3.55877066338771e-06,5.47479359204921e-06,5.46047019678363e-06,4.12663536608095e-06,-2.22061065337452e-06,3.19857035285235e-05,-0.000108733333301449,1.06689064467652e-09,5.21669231243946e-10,-2.79763386368216e-05,-1.10205865798851e-05,-4.72301685105738e-05,-1.57345686729618e-05,2.22277848795965e-06,2.22728457224097e-06,-4.43452166456079e-05,5.65355225783897e-05,7.71592260576054e-05,-7.82901697373943e-06,8.50415459717801e-06,0.000109514501670609,1.26768138704618e-05,0.000103680769355319,2.88112712729555e-07,1.34124111411524e-07,-1.97184888802631e-05,8.37114041017059e-07,-0.00319383960204914,-0.000221848890598079
"east_of_england","eps",-0.00167015163466961,-6.70205445660099e-05,6.72262495551226e-05,-0.000266235155547251,0.000498389820123992,-0.000191181450512862,8.27281958535404e-05,-0.000590734064708661,-7.88553467214107e-05,-0.000108733333301449,0.0608632922466357,-1.53588465369853e-07,-1.09548511885258e-07,-0.0019097305531777,0.00623602423699115,-0.00301171337753207,0.00123711152468552,-0.00132029991812974,-0.000119848102890084,-0.00464508198744898,0.000565586113160408,0.00309530338409272,-0.00308969358522341,0.0025582986828982,-0.00394427365342606,0.00016859439320171,0.000456875687926075,1.31637075386398e-05,3.85210996273731e-06,-0.00161003523341353,-1.04758043768383e-05,0.148673821645993,0.00321959155342448
"east_of_england","m_CHR",6.83463025346638e-08,-8.08238888176202e-11,1.10569693085071e-09,4.76977808055989e-10,-1.99523208644987e-09,-2.58648932973792e-10,-1.26561258115762e-10,-3.17290534538816e-10,-1.62523406563242e-09,1.06689064467652e-09,-1.53588465369853e-07,5.6745826541899e-12,1.24073344099543e-12,-1.21022919244157e-08,-1.69204823855909e-08,2.68775196494736e-08,-1.75976564141587e-08,-1.66464874093418e-08,-7.65899678188235e-10,4.74659847735555e-08,-2.67995302027123e-08,-7.28789176727139e-09,7.85177514784378e-09,-3.20127503572902e-08,6.28658044951744e-10,-2.14269911042032e-09,7.75989079074647e-08,4.68601858816909e-11,-1.16247832795325e-10,3.12130534174399e-08,1.39223628990639e-10,-1.21409539156825e-06,1.63430292262147e-08
"east_of_england","m_CHW",-5.7322737073663e-09,-4.79615058593564e-10,1.24876897497634e-09,-3.9462444916857e-10,-1.45621335326404e-09,2.07335960613015e-09,-1.22226777193612e-10,4.1328232503051e-09,9.53576054009325e-10,5.21669231243946e-10,-1.09548511885258e-07,1.24073344099543e-12,4.1780441657345e-12,1.07638524352557e-08,1.01935934897698e-08,1.62121639239252e-08,-5.47229797018383e-09,7.36844402241479e-10,5.36495956951731e-09,8.03132178890063e-08,1.41653970926288e-08,-7.3373000037119e-08,-4.35209430352524e-09,-4.89452730226508e-08,2.95373168031747e-08,1.93046835611518e-09,5.8011696826902e-08,-2.42621846878702e-11,-6.42198356684904e-11,1.24647896027053e-08,2.93989952629747e-10,-5.38553074018072e-07,-3.79368458533364e-08
"east_of_england","mu_D",0.00068418138477192,3.79961481532776e-06,5.47990766650076e-06,1.25519518931595e-05,-2.60721491909116e-05,2.11646364854393e-05,-4.08116785621867e-05,7.98403513560376e-06,2.25382099675549e-05,-2.79763386368216e-05,-0.0019097305531777,-1.21022919244157e-08,1.07638524352557e-08,0.000826124238157551,9.71666128412874e-05,0.000227111727121845,-0.000403914611127479,0.00036397203706475,2.33051749514711e-05,0.000954985198254853,4.83588657905749e-05,-0.001010821229267,0.000104755242258146,-0.000446052162612386,0.000111850395339645,-2.11889427539494e-05,-0.000752911944092804,-2.87215429818384e-06,-1.49790087064124e-07,-0.000406801623953378,-2.59303147566843e-06,0.00983261237615757,0.000402864890968016
"east_of_england","mu_D_2",0.000135391529738242,-9.12054762013297e-06,1.22591646162924e-06,-6.67214758352344e-05,0.000106672105102349,5.20678877539531e-05,2.35439722232695e-06,-2.41229731105738e-05,0.000278789095904166,-1.10205865798851e-05,0.00623602423699115,-1.69204823855909e-08,1.01935934897698e-08,9.71666128412874e-05,0.00661074354985521,0.00374152119268034,0.000202368288079014,-0.00032918722180524,9.69742060521255e-05,-0.000145883712320754,0.000368827399634438,-0.00272467036424759,-0.000991939021594066,-0.0010285909487136,0.000307142528671422,-1.95295236303203e-05,-0.00258346423871181,2.96650658360169e-06,2.22088491193031e-06,-0.00135500043408817,-1.64991693508609e-05,0.00992384544961632,-0.00159110964178626
"east_of_england","mu_gamma_H",0.00163035282654539,1.22953694949261e-05,-3.56635342200264e-05,7.46773665612849e-05,-6.23202138688793e-05,0.000105711971776637,-1.07179744179326e-05,7.20027075313414e-05,0.000221152979491809,-4.72301685105738e-05,-0.00301171337753207,2.68775196494736e-08,1.62121639239252e-08,0.000227111727121845,0.00374152119268034,0.00816322321560816,8.83671534593538e-07,-0.000302377490720325,-3.84576599444598e-05,0.00106605466949909,-0.00120287580846939,-0.00223125948998474,-0.000422962299706247,-0.00126743139240963,-0.0004316640222759,9.26185125404472e-05,-0.00182401545873253,-1.62907086940628e-06,-7.81936934635421e-07,-0.000186522267346028,-9.20416464331749e-06,-0.0212816947671599,-0.00164980146068873
"east_of_england","mu_gamma_H_2",0.000480105389834848,-6.49176363332854e-06,-1.30602473497126e-05,1.37844591438475e-05,-6.84114405635565e-07,7.82146245984424e-06,8.78403804542465e-06,2.75143780824717e-05,-3.70278931612738e-05,-1.57345686729618e-05,0.00123711152468552,-1.75976564141587e-08,-5.47229797018383e-09,-0.000403914611127479,0.000202368288079014,8.83671534593538e-07,0.00148322060670153,-0.000372849563999452,-5.02079959983819e-05,-0.00135896687912804,-0.000213144703288293,0.000554604830656512,-2.89768158248251e-05,0.000417762733889204,0.00021334877249412,-4.68926675363025e-05,0.000779963326446134,1.3598325809854e-06,1.73403560240855e-06,0.00175228423288639,-5.64001966744464e-06,0.00550844295826445,-0.000103498027303337
"east_of_england","mu_gamma_H_3",-0.000918552894955802,4.01764335430877e-06,-1.98509073313084e-05,-4.99416751577296e-06,-3.2932083292245e-06,-2.02724708470292e-06,1.16957004539126e-06,3.65141719098312e-05,-2.47424941960543e-05,2.22277848795965e-06,-0.00132029991812974,-1.66464874093418e-08,7.36844402241479e-10,0.00036397203706475,-0.00032918722180524,-0.000302377490720325,-0.000372849563999452,0.000860926975575115,-7.23759424741536e-06,-4.12123142503276e-05,0.000148811103282917,-0.000186128023809456,5.5574154432397e-05,-0.000188497229323861,6.98221363090387e-05,-7.95608333335241e-06,1.3178084213314e-05,-1.95022121184825e-06,-9.32709586453847e-07,-0.000254722274253278,-6.82739496150823e-06,0.0147619009684742,-0.000113295244151131
"east_of_england","p_G_D",-5.64056621038592e-05,1.01977723187688e-06,-3.22129702597482e-06,-1.13821639942599e-06,1.03188945265783e-05,1.73228730881895e-06,-3.108636144893e-06,1.66007113392934e-05,5.23698001270699e-06,2.22728457224097e-06,-0.000119848102890084,-7.65899678188235e-10,5.36495956951731e-09,2.33051749514711e-05,9.69742060521255e-05,-3.84576599444598e-05,-5.02079959983819e-05,-7.23759424741536e-06,9.51602648009224e-05,0.000123743661199072,0.000142132273511512,-3.3951837446438e-05,-4.77676715209144e-05,-7.9547302114107e-05,0.000137325653412877,-1.7250925052759e-06,8.7209665273317e-06,3.17753365530568e-07,-2.13772225630314e-07,2.43914466922837e-05,2.4674371729391e-06,0.00014702652474184,-0.000125340437079608
"east_of_england","p_G_D_CHR",0.00457003592163723,-1.21658758741718e-05,8.02692569607173e-05,4.03329724330532e-05,-6.30314390791754e-05,6.58661450795957e-05,-5.58893196413841e-05,1.52028944269619e-06,0.000171480261415454,-4.43452166456079e-05,-0.00464508198744898,4.74659847735555e-08,8.03132178890063e-08,0.000954985198254853,-0.000145883712320754,0.00106605466949909,-0.00135896687912804,-4.12123142503276e-05,0.000123743661199072,0.0082707626846653,0.000141056089502646,-0.0026590011990751,0.000374137208345829,-0.00130251628607603,-4.90301255908806e-06,-0.000214899443305502,0.00108921345325902,-7.14294899506929e-06,-5.88876036654423e-06,-0.00404612257618247,1.48716259387265e-05,-0.0195877240930514,-0.000203690916218136
"east_of_england","p_H",-0.00200824624429251,-7.88588544306594e-06,-2.11105891464886e-05,-1.85413679975442e-05,2.25525781446733e-05,1.04325334843966e-05,2.57015346880328e-05,3.70955381084721e-05,2.91265672200797e-05,5.65355225783897e-05,0.000565586113160408,-2.67995302027123e-08,1.41653970926288e-08,4.83588657905749e-05,0.000368827399634438,-0.00120287580846939,-0.000213144703288293,0.000148811103282917,0.000142132273511512,0.000141056089502646,0.00104249244095409,-0.00039362975627203,-0.000223938464342788,8.55184438052339e-05,0.000858112366752517,4.09668207767939e-05,-0.000440538707528715,1.09281596066154e-06,2.43874659090322e-07,-0.00105762445600257,7.53283187620109e-06,0.00380978606147979,-0.000988425823360252
"east_of_england","p_H_2",-0.0026742867598505,2.47202574861894e-05,-2.61013448438144e-05,-1.99311449271028e-05,3.20725484351329e-05,-9.77929875525027e-05,2.20702252541624e-05,-3.94007039375753e-05,-0.000343830841556796,7.71592260576054e-05,0.00309530338409272,-7.28789176727139e-09,-7.3373000037119e-08,-0.001010821229267,-0.00272467036424759,-0.00223125948998474,0.000554604830656512,-0.000186128023809456,-3.3951837446438e-05,-0.0026590011990751,-0.00039362975627203,0.00632403154101565,0.000548310160162539,0.000930440687652151,-0.000632188142270882,0.000217023786132858,0.00359292038482021,4.14718457373158e-06,-9.29725086782397e-07,0.00113771828191626,2.02149078991867e-05,0.0134690953946315,0.00137670592575268
"east_of_england","p_H_3",0.00183000587274284,4.99030066326479e-06,1.50771176328339e-08,1.5977204746819e-06,-1.31501549983137e-05,-2.00586566224321e-05,1.1165799646352e-06,1.72204767589471e-05,-6.16089894153736e-05,-7.82901697373943e-06,-0.00308969358522341,7.85177514784378e-09,-4.35209430352524e-09,0.000104755242258146,-0.000991939021594066,-0.000422962299706247,-2.89768158248251e-05,5.5574154432397e-05,-4.77676715209144e-05,0.000374137208345829,-0.000223938464342788,0.000548310160162539,0.000744856649527827,3.18208423853795e-05,-0.00014728269776195,-3.81609287099194e-05,0.000203289574519355,-2.41807466322123e-06,-7.90314274603503e-07,0.000271629214294407,-5.9302539005682e-06,0.0006570004036661,0.000355278753893458
"east_of_england","p_H_D",0.000271494577055306,-1.00086708279352e-05,-2.42189025411313e-05,3.40772121782603e-06,1.14290462153289e-05,-2.81858671008333e-05,3.20620498037368e-05,-5.3887524366377e-05,-4.03114824136042e-05,8.50415459717801e-06,0.0025582986828982,-3.20127503572902e-08,-4.89452730226508e-08,-0.000446052162612386,-0.0010285909487136,-0.00126743139240963,0.000417762733889204,-0.000188497229323861,-7.9547302114107e-05,-0.00130251628607603,8.55184438052339e-05,0.000930440687652151,3.18208423853795e-05,0.00153014187152725,-0.000141826576927887,-2.43609881919188e-05,-0.00140064427735191,6.16503835549587e-07,1.21632923348467e-06,0.000697104887670614,-3.88927576134016e-06,0.0108366674257566,0.000247220760378046
"east_of_england","p_ICU",-0.00261669480329255,-1.18031746245828e-05,-3.70915228215641e-05,2.57804827285032e-05,-6.10657878683367e-05,0.000105484497827987,-1.00553688186364e-05,0.000144840366457151,0.000106065571830947,0.000109514501670609,-0.00394427365342606,6.28658044951744e-10,2.95373168031747e-08,0.000111850395339645,0.000307142528671422,-0.0004316640222759,0.00021334877249412,6.98221363090387e-05,0.000137325653412877,-4.90301255908806e-06,0.000858112366752517,-0.000632188142270882,-0.00014728269776195,-0.000141826576927887,0.0026886112352533,9.89461635314489e-05,0.000977065636095675,3.85587529170327e-06,9.30447828269518e-07,0.00185655972467727,1.55642119747045e-05,-0.032395011367533,-0.00228079914495372
"east_of_england","p_ICU_2",-0.000323366906417914,1.35149620870007e-06,-3.7503327934766e-06,-4.47205374279819e-06,1.83695320619263e-07,-4.67459424955199e-07,7.90137564551732e-06,3.21772968940396e-06,-9.85253468366274e-06,1.26768138704618e-05,0.00016859439320171,-2.14269911042032e-09,1.93046835611518e-09,-2.11889427539494e-05,-1.95295236303203e-05,9.26185125404472e-05,-4.68926675363025e-05,-7.95608333335241e-06,-1.7250925052759e-06,-0.000214899443305502,4.09668207767939e-05,0.000217023786132858,-3.81609287099194e-05,-2.43609881919188e-05,9.89461635314489e-05,8.12282164213962e-05,0.000191671855471149,5.94770461690159e-07,-6.85563007441223e-08,0.000202761986256785,1.3147523249927e-06,-0.00120666374346227,-0.000123520775569677
"east_of_england","p_ICU_D",-0.000543808202839058,4.08347772690972e-06,7.58666980745691e-05,2.92329759470433e-05,-9.60718014998006e-05,1.22552511421018e-05,-2.96834616591642e-05,2.45533374406493e-05,-0.000170649330711832,0.000103680769355319,0.000456875687926075,7.75989079074647e-08,5.8011696826902e-08,-0.000752911944092804,-0.00258346423871181,-0.00182401545873253,0.000779963326446134,1.3178084213314e-05,8.7209665273317e-06,0.00108921345325902,-0.000440538707528715,0.00359292038482021,0.000203289574519355,-0.00140064427735191,0.000977065636095675,0.000191671855471149,0.0142810609130043,7.37443824725007e-06,-3.88546695366833e-06,-0.000579668624575529,2.36376783070037e-05,-0.0838959254081703,0.000288230579300882
"east_of_england","p_NC",-5.68395622380937e-06,-1.18761719054625e-08,6.94319715299544e-08,9.81489509826274e-09,-3.20629467607537e-08,1.092895819992e-07,2.40434271210311e-08,-8.58329901849593e-08,6.36607818971813e-08,2.88112712729555e-07,1.31637075386398e-05,4.68601858816909e-11,-2.42621846878702e-11,-2.87215429818384e-06,2.96650658360169e-06,-1.62907086940628e-06,1.3598325809854e-06,-1.95022121184825e-06,3.17753365530568e-07,-7.14294899506929e-06,1.09281596066154e-06,4.14718457373158e-06,-2.41807466322123e-06,6.16503835549587e-07,3.85587529170327e-06,5.94770461690159e-07,7.37443824725007e-06,4.20513994745021e-08,1.26462296082676e-08,-7.89887931765151e-07,3.71636040571969e-08,-0.000148456518293418,-1.88007941240387e-06
"east_of_england","p_NC_weekend",-3.05058691854265e-06,5.24216289948727e-08,5.85486314695294e-08,3.52206359259745e-08,-7.25868694793453e-08,1.56067181804686e-07,-5.17530793925595e-08,-8.8960346309846e-08,2.04113020083084e-07,1.34124111411524e-07,3.85210996273731e-06,-1.16247832795325e-10,-6.42198356684904e-11,-1.49790087064124e-07,2.22088491193031e-06,-7.81936934635421e-07,1.73403560240855e-06,-9.32709586453847e-07,-2.13772225630314e-07,-5.88876036654423e-06,2.43874659090322e-07,-9.29725086782397e-07,-7.90314274603503e-07,1.21632923348467e-06,9.30447828269518e-07,-6.85563007441223e-08,-3.88546695366833e-06,1.26462296082676e-08,3.43791989158942e-08,-2.16257910865252e-06,-1.1110661575838e-08,-4.61106306525976e-05,-1.10158138719312e-06
"east_of_england","p_W_D",-0.000783243406904938,3.33365672735633e-06,-0.000106839623332153,-6.03223066260991e-05,0.000119184939828835,-2.42396668767661e-06,-4.40086492949182e-05,0.000188937708756487,-4.22928104327873e-05,-1.97184888802631e-05,-0.00161003523341353,3.12130534174399e-08,1.24647896027053e-08,-0.000406801623953378,-0.00135500043408817,-0.000186522267346028,0.00175228423288639,-0.000254722274253278,2.43914466922837e-05,-0.00404612257618247,-0.00105762445600257,0.00113771828191626,0.000271629214294407,0.000697104887670614,0.00185655972467727,0.000202761986256785,-0.000579668624575529,-7.89887931765151e-07,-2.16257910865252e-06,0.0163585243283259,1.28553718352277e-05,0.0450134694800444,-0.000558567833452242
"east_of_england","rho_pillar2_tests",-0.000111591808969325,1.55560225376296e-07,3.20789681944799e-08,5.12473272073501e-07,-6.26061724821235e-07,8.66043090876007e-07,-1.15522504106493e-06,5.91685173253534e-07,5.98176078399403e-07,8.37114041017059e-07,-1.04758043768383e-05,1.39223628990639e-10,2.93989952629747e-10,-2.59303147566843e-06,-1.64991693508609e-05,-9.20416464331749e-06,-5.64001966744464e-06,-6.82739496150823e-06,2.4674371729391e-06,1.48716259387265e-05,7.53283187620109e-06,2.02149078991867e-05,-5.9302539005682e-06,-3.88927576134016e-06,1.55642119747045e-05,1.3147523249927e-06,2.36376783070037e-05,3.71636040571969e-08,-1.1110661575838e-08,1.28553718352277e-05,1.188455444905e-06,-0.000436269571554719,-6.93043678990848e-06
"east_of_england","strain_seed_date",0.0264509212611453,-0.000111069845097708,-0.00155402528756982,-0.00172714116136954,0.00343944486671679,-0.00251849478013611,0.000187179754642012,-0.000306559912613727,-0.00464578358617084,-0.00319383960204914,0.148673821645993,-1.21409539156825e-06,-5.38553074018072e-07,0.00983261237615757,0.00992384544961632,-0.0212816947671599,0.00550844295826445,0.0147619009684742,0.00014702652474184,-0.0195877240930514,0.00380978606147979,0.0134690953946315,0.0006570004036661,0.0108366674257566,-0.032395011367533,-0.00120666374346227,-0.0838959254081703,-0.000148456518293418,-4.61106306525976e-05,0.0450134694800444,-0.000436269571554719,4.03422816266388,0.0499215130793798
"east_of_england","strain_transmission_2",0.00490632560216258,1.290492631445e-06,6.42216265842828e-05,-9.64104268289339e-06,2.18456955869891e-05,-0.00015095163140707,-0.000103713724795262,-0.000249372414602782,-0.000215809073981902,-0.000221848890598079,0.00321959155342448,1.63430292262147e-08,-3.79368458533364e-08,0.000402864890968016,-0.00159110964178626,-0.00164980146068873,-0.000103498027303337,-0.000113295244151131,-0.000125340437079608,-0.000203690916218136,-0.000988425823360252,0.00137670592575268,0.000355278753893458,0.000247220760378046,-0.00228079914495372,-0.000123520775569677,0.000288230579300882,-1.88007941240387e-06,-1.10158138719312e-06,-0.000558567833452242,-6.93043678990848e-06,0.0499215130793798,0.00567335128163363
"midlands","alpha_D",0.0129523136381626,1.94595900918863e-06,-3.13347583789509e-05,-3.85588670729294e-05,3.18869750718376e-05,7.7217120338595e-06,-5.64104014021823e-05,-3.31641957113749e-05,0.000219203585760911,-0.000221013036389406,0.00400341755306532,3.84765257683841e-08,-1.26835604911221e-08,-0.000119567512421617,-0.0018575906755544,-0.000488348166429727,0.00019561951690084,1.91134329990152e-05,-0.000116982163244769,0.000883415096688317,-2.39794703177856e-05,0.00182165163685968,-0.000102502651024094,0.000249824352808574,-0.000141857634133924,-1.0459232034007e-06,0.000858429893584926,-3.31725019419161e-06,-2.09482341479686e-07,0.00237900525209768,-6.76899893641033e-07,0.011247603151619,0.000394631350267399
"midlands","alpha_H",1.94595900918863e-06,4.49873068645226e-06,3.19880034278595e-07,2.17766828938023e-06,-1.44313484816403e-06,4.43798961661615e-07,6.70087574857645e-07,4.10641085212935e-06,-2.46480942375199e-06,1.03928663156718e-06,-0.000107065695295339,-2.04735805245212e-09,7.10790619567374e-10,-1.7070746214164e-05,-1.63220028360316e-05,2.97490320881009e-05,-1.91575680211879e-05,-7.21039742665321e-06,4.16123393927499e-06,-1.68330964567205e-05,-5.25206789204086e-06,-1.98480591335603e-05,-1.5158205316552e-05,-2.78101279209609e-06,1.13351756168286e-05,2.37821653403317e-06,3.31730889166962e-05,-3.52166489888991e-08,1.00884444049376e-07,3.63727735202764e-05,1.4748847762702e-07,-0.00195360004336934,-1.69855038330323e-05
"midlands","beta17",-3.13347583789509e-05,3.19880034278595e-07,2.140894778566e-06,4.12967430966174e-07,-1.58948022312227e-06,1.23584233392037e-06,9.47879801822037e-08,2.58206870291091e-06,-2.61390108821985e-06,2.32953324198727e-06,1.63629712974704e-05,-4.11500964620391e-10,4.75022056726146e-10,-1.57233003711811e-05,6.40972111014932e-06,3.38952941934929e-05,-6.04418430384769e-06,-1.20382921092698e-05,-3.25811008687569e-06,1.03347436511207e-05,-1.3578472422047e-05,-3.90155443058262e-05,-9.78438826129e-06,1.52458862513095e-05,-1.38443467937439e-06,8.98618620147606e-07,-7.02086288889195e-06,5.30978829419752e-08,6.18688765158482e-08,8.76826801963129e-06,-1.07179405361949e-08,-0.000431394918669768,-1.18136893014885e-05
"midlands","beta18",-3.85588670729294e-05,2.17766828938023e-06,4.12967430966174e-07,5.49944620370677e-06,-4.41831057638046e-06,5.80921915756747e-07,1.09546200091659e-06,3.60871117282105e-06,-3.22629456345116e-06,2.76638195360088e-06,-0.000166411316616149,-2.07423797310055e-09,8.35220829379607e-12,4.34493398570047e-06,-2.14684864717014e-05,1.26179235303959e-05,-1.19295892452605e-05,-1.89019602682322e-05,8.88467496948788e-06,-1.91643910358772e-05,1.23715712856883e-05,-1.05667537717543e-05,-1.14494378260994e-06,-3.12153035290503e-05,1.57773089330672e-05,-4.33958962841911e-06,4.69815526939201e-05,-1.71327216477396e-07,6.27115622532049e-09,2.52966491386448e-06,1.10638507063551e-07,-0.00337435619707047,-1.5458434978903e-05
"midlands","beta19",3.18869750718376e-05,-1.44313484816403e-06,-1.58948022312227e-06,-4.41831057638046e-06,1.01847568932489e-05,-4.50519195941875e-06,-9.14241084491578e-08,-3.97728666749528e-06,8.27292575519573e-07,8.69868221178733e-07,0.000156376463756287,-2.78868178693119e-11,7.29324184737755e-10,-2.07914308765199e-05,-1.90059549231923e-06,3.95651095983609e-05,1.94832745374291e-05,2.4209654025233e-06,-5.47774390297434e-06,3.39579635944169e-05,-2.92848617991539e-05,-3.59331357288195e-07,-2.41094194305052e-05,3.62754899804212e-05,-1.84842894781151e-06,2.8365784734522e-06,-8.93051299607873e-05,3.15068620513184e-07,3.64838531018893e-08,-7.09210921712218e-05,3.7123775919063e-07,0.00232586288553203,2.68435021610907e-05
"midlands","beta20",7.7217120338595e-06,4.43798961661615e-07,1.23584233392037e-06,5.80921915756747e-07,-4.50519195941875e-06,5.62280789851938e-06,-2.68212774009112e-06,5.76707476827745e-06,-1.12482856088771e-06,2.24473141138873e-07,-0.000129829134966705,6.3349932423872e-10,-4.31771777315781e-12,3.27847754719152e-06,5.2881573258654e-05,-7.20328630703238e-05,-1.4515598079918e-05,3.45598928235171e-07,-3.10401903344578e-06,-1.36094129691897e-05,1.46460694240792e-05,-7.40571576470758e-05,9.10620901095804e-06,5.87561538975301e-06,-8.81473362571445e-06,-4.71095345473189e-07,3.13520335564164e-05,-1.10459766163499e-07,4.19508105609967e-08,8.91981666700903e-05,9.14575411662033e-08,0.000703616435035837,-3.05322453676545e-05
"midlands","beta21",-5.64104014021823e-05,6.70087574857645e-07,9.47879801822037e-08,1.09546200091659e-06,-9.14241084491578e-08,-2.68212774009112e-06,7.68347698887483e-06,-1.14817877475012e-06,-1.82198411577571e-06,3.84742046272231e-06,0.000111355971806782,-1.69074276247126e-09,-9.667139334963e-11,-3.64256198333648e-06,-0.000119306574903998,0.000169148014455067,1.19628728892792e-05,1.12986131490285e-05,-2.01277145343863e-06,-3.80756348573759e-06,-6.02269858835095e-06,9.90532887100907e-05,-2.07767832888666e-05,-1.80116493007879e-05,3.66552863185464e-06,3.51828372294388e-06,1.6930047642685e-05,-3.00690228059626e-08,-4.83104984547833e-08,-2.83883113728497e-05,-2.1485074264266e-07,-0.00393587722471887,-6.38786225373338e-05
"midlands","beta22",-3.31641957113749e-05,4.10641085212935e-06,2.58206870291091e-06,3.60871117282105e-06,-3.97728666749528e-06,5.76707476827745e-06,-1.14817877475012e-06,2.9250325259256e-05,-7.67886042720383e-06,8.84684222736745e-07,-0.000336562443874349,-3.64510233832437e-09,1.42754749353313e-09,-3.10741041877669e-05,8.47358430942436e-05,5.17265505635751e-05,-1.38440744229085e-06,-3.29158453671227e-05,-4.4655731758599e-06,3.77505869132793e-05,-4.9315755952417e-06,-0.000176882621983874,-4.10230257442695e-05,-4.49773135889774e-06,-5.54754303320097e-06,-6.75268762953788e-06,0.000106333728679076,-1.87069682689225e-07,1.53800473550473e-07,9.94503825572879e-05,8.71964320462403e-07,-0.00667159796061226,-0.00011756791580687
"midlands","beta23",0.000219203585760911,-2.46480942375199e-06,-2.61390108821985e-06,-3.22629456345116e-06,8.27292575519573e-07,-1.12482856088771e-06,-1.82198411577571e-06,-7.67886042720383e-06,2.49162671917498e-05,-1.82266392044613e-05,0.000428582615340625,3.24309093248524e-09,-2.04594266281022e-09,1.01925373093919e-05,3.52083577119245e-05,-9.8578038285042e-05,5.17185449062006e-05,3.41012247787846e-05,5.65953027617681e-07,3.11967999296396e-05,3.08948072035237e-05,0.000222438477168481,5.12773775451021e-05,5.77994782842847e-06,-1.25670341679294e-05,-8.65006730991955e-07,-5.98855730727765e-06,-2.63924656408961e-07,-1.20697596150634e-07,0.000119644755345412,-4.1048409955361e-07,0.0013093452011793,9.33749569702234e-06
"midlands","beta24",-0.000221013036389406,1.03928663156718e-06,2.32953324198727e-06,2.76638195360088e-06,8.69868221178733e-07,2.24473141138873e-07,3.84742046272231e-06,8.84684222736745e-07,-1.82266392044613e-05,3.20214731888512e-05,-0.000163869039030639,-3.49557251313039e-09,1.27504833615949e-09,7.40149061290945e-06,-0.000130706657468065,0.000180404109392018,-5.52350532157748e-05,-1.50131722413268e-05,2.35965740030834e-06,-6.88303795773989e-05,-2.09625707716087e-05,1.28435254542149e-05,-4.36684693397992e-05,1.32747588838647e-05,1.77021970665644e-05,6.3666787105419e-06,-0.000187574137964813,3.49619572915272e-07,2.63114027394747e-07,-8.59108571778132e-05,1.53766283271714e-08,-0.00115344148979752,-4.11570014675319e-05
"midlands","eps",0.00400341755306532,-0.000107065695295339,1.63629712974704e-05,-0.000166411316616149,0.000156376463756287,-0.000129829134966705,0.000111355971806782,-0.000336562443874349,0.000428582615340625,-0.000163869039030639,0.0305459003433712,4.54956863685016e-08,-6.75525805048758e-09,-0.000521864700962688,-0.00530481642322681,0.00511250319570562,0.00130395754231835,0.000180905065412905,-0.000333637770917452,0.00113506815851739,0.000227084383149062,0.0105791000424598,-6.96586014959221e-05,0.0012847870425512,-0.000519403488202598,0.000417571631356834,-0.00406833961764831,4.77379162082358e-06,-2.97154737722567e-06,-0.00267984441746798,-2.57943961595106e-05,0.0437996325486024,4.06039520126666e-05
"midlands","m_CHR",3.84765257683841e-08,-2.04735805245212e-09,-4.11500964620391e-10,-2.07423797310055e-09,-2.78868178693119e-11,6.3349932423872e-10,-1.69074276247126e-09,-3.64510233832437e-09,3.24309093248524e-09,-3.49557251313039e-09,4.54956863685016e-08,4.52124779631326e-12,-1.13193097360763e-12,4.23237582961011e-09,4.35933031919032e-08,-1.28504020991163e-07,6.64254463893598e-09,1.39244305347271e-08,-7.50222092201484e-09,3.35376406951997e-10,2.99494980744844e-11,3.71098284335812e-08,2.93201477168995e-08,1.80582145328494e-08,-1.8930543332467e-08,1.12642999138398e-09,7.49181614219158e-08,-5.90162457388781e-11,-2.00072127641361e-11,3.51835644431401e-08,-3.24389362934799e-10,3.00634545116879e-06,2.516302122405e-08
"midlands","m_CHW",-1.26835604911221e-08,7.10790619567374e-10,4.75022056726146e-10,8.35220829379607e-12,7.29324184737755e-10,-4.31771777315781e-12,-9.667139334963e-11,1.42754749353313e-09,-2.04594266281022e-09,1.27504833615949e-09,-6.75525805048758e-09,-1.13193097360763e-12,9.02691083849125e-13,-1.36926705984982e-08,-2.23259087264748e-08,2.68270668334958e-08,-3.36717544062776e-09,-6.52695493913493e-09,-2.05589934390105e-10,2.00461603285293e-08,-4.81698701267398e-09,-4.22268840575515e-08,-1.08781811854025e-08,6.74087768556301e-09,1.19486709245235e-09,-4.18621499974862e-10,-1.96632465854879e-08,7.90687584071777e-11,8.26866816052988e-12,-2.76931087061919e-09,1.1812618113376e-10,-1.19003546791748e-07,-8.72036636887525e-10
"midlands","mu_D",-0.000119567512421617,-1.7070746214164e-05,-1.57233003711811e-05,4.34493398570047e-06,-2.07914308765199e-05,3.27847754719152e-06,-3.64256198333648e-06,-3.10741041877669e-05,1.01925373093919e-05,7.40149061290945e-06,-0.000521864700962688,4.23237582961011e-09,-1.36926705984982e-08,0.00121571887704367,6.46418169943054e-05,9.40475806302601e-05,-0.000122408152738696,0.000263328170891606,0.000144260402294314,-0.000560312088427368,2.85352956423832e-05,0.00109821132480831,0.000259455836983742,-0.000364279518387393,0.000102158483442454,-9.0836848005546e-06,-0.000792660294168346,-1.91886330333969e-06,-1.15092494651798e-06,-0.00143511885156428,-2.00230685126017e-06,0.0157851206547221,0.000183937541825227
"midlands","mu_D_2",-0.0018575906755544,-1.63220028360316e-05,6.40972111014932e-06,-2.14684864717014e-05,-1.90059549231923e-06,5.2881573258654e-05,-0.000119306574903998,8.47358430942436e-05,3.52083577119245e-05,-0.000130706657468065,-0.00530481642322681,4.35933031919032e-08,-2.23259087264748e-08,6.46418169943054e-05,0.0108545090524644,-0.00657386703482704,-9.09035608760525e-05,0.000144330233849845,2.4778697267943e-05,-0.00314524218333509,-0.000517339914194679,-0.0059777046363887,0.000178528649594957,0.000556082744942576,0.000162496502995615,-8.06312445673568e-05,0.000630567810740961,-1.17604703013559e-06,-2.0562968978032e-06,-0.00259638675695335,7.07581709828098e-06,0.0762346042532077,0.000751829017905067
"midlands","mu_gamma_H",-0.000488348166429727,2.97490320881009e-05,3.38952941934929e-05,1.26179235303959e-05,3.95651095983609e-05,-7.20328630703238e-05,0.000169148014455067,5.17265505635751e-05,-9.8578038285042e-05,0.000180404109392018,0.00511250319570562,-1.28504020991163e-07,2.68270668334958e-08,9.40475806302601e-05,-0.00657386703482704,0.0101910166100837,0.000648627589730004,-0.000434553848209439,-5.63668833161558e-06,0.00188718687270528,-0.000526330844218325,0.0039513763805597,-0.00117761602688451,-0.000700356591450642,0.000234182626786392,0.000152497477258848,-0.00311216377936769,1.02079812578362e-06,3.08837915494944e-06,-0.000634444121590587,4.22229969969064e-06,-0.135023772548364,-0.00176253920583395
"midlands","mu_gamma_H_2",0.00019561951690084,-1.91575680211879e-05,-6.04418430384769e-06,-1.19295892452605e-05,1.94832745374291e-05,-1.4515598079918e-05,1.19628728892792e-05,-1.38440744229085e-06,5.17185449062006e-05,-5.52350532157748e-05,0.00130395754231835,6.64254463893598e-09,-3.36717544062776e-09,-0.000122408152738696,-9.09035608760525e-05,0.000648627589730004,0.000777618252527179,-2.4387362320501e-05,-7.91287182134043e-05,0.000522633803541357,0.000194677964702776,3.7473871376373e-05,-1.73324531184627e-05,-0.000144296472294911,-0.000123423304702957,4.07864550640698e-05,0.000581333936704728,-1.09311108250051e-06,-7.32515803080642e-07,0.000312465922283287,7.8600235563734e-08,-0.00751787139556205,-0.00017569655511142
"midlands","mu_gamma_H_3",1.91134329990152e-05,-7.21039742665321e-06,-1.20382921092698e-05,-1.89019602682322e-05,2.4209654025233e-06,3.45598928235171e-07,1.12986131490285e-05,-3.29158453671227e-05,3.41012247787846e-05,-1.50131722413268e-05,0.000180905065412905,1.39244305347271e-08,-6.52695493913493e-09,0.000263328170891606,0.000144330233849845,-0.000434553848209439,-2.4387362320501e-05,0.00073982734099502,-2.62157819577929e-05,-0.000261511803322063,4.05585060710261e-05,0.000241162989880025,4.84983013373992e-05,0.000115407305016283,-3.71116716840186e-05,4.15081137812083e-05,-0.000188571820740701,-6.13535526441256e-07,-9.90899000049279e-07,6.18130186890345e-05,-2.41911114636081e-06,0.0197195023621074,-9.61852640036377e-05
"midlands","p_G_D",-0.000116982163244769,4.16123393927499e-06,-3.25811008687569e-06,8.88467496948788e-06,-5.47774390297434e-06,-3.10401903344578e-06,-2.01277145343863e-06,-4.4655731758599e-06,5.65953027617681e-07,2.35965740030834e-06,-0.000333637770917452,-7.50222092201484e-09,-2.05589934390105e-10,0.000144260402294314,2.4778697267943e-05,-5.63668833161558e-06,-7.91287182134043e-05,-2.62157819577929e-05,6.96158859040467e-05,-0.000198687424299676,-1.14178021739331e-05,7.24779072464241e-05,4.56236096739649e-05,-9.69459930687493e-05,8.26891607896672e-05,-2.02187815655784e-05,-0.000403681265959697,-9.04505472757864e-09,-2.0050104745741e-07,-0.000139027615658658,-3.42608447645792e-07,-0.00150888741273867,0.000103540213170381
"midlands","p_G_D_CHR",0.000883415096688317,-1.68330964567205e-05,1.03347436511207e-05,-1.91643910358772e-05,3.39579635944169e-05,-1.36094129691897e-05,-3.80756348573759e-06,3.77505869132793e-05,3.11967999296396e-05,-6.88303795773989e-05,0.00113506815851739,3.35376406951997e-10,2.00461603285293e-08,-0.000560312088427368,-0.00314524218333509,0.00188718687270528,0.000522633803541357,-0.000261511803322063,-0.000198687424299676,0.0048268748075468,4.23034684678529e-05,0.00175304301509278,0.000143801056048578,-8.98688230909935e-05,-0.000579447950368216,-0.000231876806046089,0.00072522858439931,-3.54424504145186e-06,1.82221106227384e-06,0.000933059183712344,6.31530095900686e-06,-0.0196281119028789,-0.000210828191768314
"midlands","p_H",-2.39794703177856e-05,-5.25206789204086e-06,-1.3578472422047e-05,1.23715712856883e-05,-2.92848617991539e-05,1.46460694240792e-05,-6.02269858835095e-06,-4.9315755952417e-06,3.08948072035237e-05,-2.09625707716087e-05,0.000227084383149062,2.99494980744844e-11,-4.81698701267398e-09,2.85352956423832e-05,-0.000517339914194679,-0.000526330844218325,0.000194677964702776,4.05585060710261e-05,-1.14178021739331e-05,4.23034684678529e-05,0.00119261587669977,0.000734195728708177,0.000172578155267297,-0.000356472114488336,-0.000107418217024005,4.98597158914003e-05,0.000855294261710512,-1.10668882590485e-06,-3.52708657180459e-08,0.000484069869215215,-7.13187438373229e-06,-0.0099241109086474,-7.89828379767821e-05
